ISO28178
FILE_DESCRIPTOR	"FOGRA58"
ORIGINATOR	"Tschudi Software Technology GmbH (www.tschudist.com) in concord with FOGRA (www.fogra.org)"
CREATED	"Mach 2020"
TARGET_TYPE	"TC9.18"
INSTRUMENTATION	"Geometry 45:0, no polarisation filter, white backing, according to ISO 13655:2009 M1"
PRINT_CONDITIONS	"Textile Exchange Colour Space - for Fogra research project 13.006"
WEIGHTING_FUNCTION	"ILLUMINANT, D65"
WEIGHTING_FUNCTION	"OBSERVER, 10 degree"
NUMBER_OF_FIELDS	7
BEGIN_DATA_FORMAT
SAMPLE_ID	RGB_R	RGB_G	RGB_B	LAB_L	LAB_A	LAB_B
END_DATA_FORMAT
NUMBER_OF_SETS	918
BEGIN_DATA
1	0	0	0	15	0	0
2	0	32	0	18.62	-6.84	4.49
3	0	64	0	22.42	-14	9.08
4	0	96	0	26.49	-21.63	13.8
5	0	128	0	31	-30	18.75
6	0	160	0	36.29	-39.72	24.1
7	0	192	0	42.02	-50.18	29.67
8	0	224	0	48.01	-61.11	35.38
9	0	255	0	54	-72	41
10	0	0	32	16.07	3.17	-4.44
11	0	32	32	18.37	-6.04	-6.04
12	0	64	32	22.34	-13.31	-1.57
13	0	96	32	26.62	-21.07	2.99
14	0	128	32	31.25	-29.49	7.69
15	0	160	32	36.34	-38.78	12.56
16	0	192	32	41.86	-48.93	17.66
17	0	224	32	47.7	-59.69	22.94
18	0	255	32	53.57	-70.49	28.23
19	0	0	64	17.17	6.5	-9.09
20	0	32	64	19.63	-2.78	-10.86
21	0	64	64	21.92	-12.07	-12.07
22	0	96	64	26.37	-19.88	-7.63
23	0	128	64	31.18	-28.31	-3.13
24	0	160	64	36.31	-37.48	1.44
25	0	192	64	41.73	-47.41	6.08
26	0	224	64	47.42	-58.02	10.86
27	0	255	64	53.17	-68.74	15.72
28	32	0	0	18.21	9.45	9.45
29	32	32	0	23.57	0	13.85
30	32	64	0	27.54	-7.19	18.49
31	32	96	0	31.83	-14.85	23.31
32	32	128	0	36.5	-23.13	28.38
33	32	160	0	41.68	-32.24	33.79
34	32	192	0	47.33	-42.18	39.51
35	32	224	0	53.32	-52.74	45.43
36	32	255	0	59.31	-63.37	51.24
37	32	0	32	17.42	9.54	0
38	32	32	32	24.91	0	0
39	32	64	32	28.88	-7.25	4.66
40	32	96	32	33.17	-14.98	9.48
41	32	128	32	37.88	-23.36	14.51
42	32	160	32	43.14	-32.59	19.81
43	32	192	32	48.91	-42.67	25.38
44	32	224	32	55.03	-53.35	31.12
45	32	255	32	61.14	-64.09	36.78
46	32	0	64	18.68	13.05	-4.69
47	32	32	64	26.1	3.42	-4.99
48	32	64	64	28.66	-6.18	-6.01
49	32	96	64	33.07	-13.95	-1.32
50	32	128	64	37.87	-22.33	3.49
51	32	160	64	43.11	-31.43	8.48
52	32	192	64	48.72	-41.24	13.6
53	32	224	64	54.66	-51.71	18.89
54	32	255	64	60.61	-62.33	24.14
55	64	0	0	21.67	18.8	18.8
56	64	32	0	27.14	9.38	23.11
57	64	64	0	32.23	0	27.56
58	64	96	0	36.67	-7.64	32.4
59	64	128	0	41.5	-15.82	37.49
60	64	160	0	46.76	-24.68	42.97
61	64	192	0	52.42	-34.19	48.85
62	64	224	0	58.44	-44.35	55.04
63	64	255	0	64.48	-54.69	61.12
64	64	0	32	20.97	19.02	9.36
65	64	32	32	28.46	9.41	9.41
66	64	64	32	33.57	-0.27	13.61
67	64	96	32	37.98	-7.98	18.47
68	64	128	32	42.81	-16.25	23.56
69	64	160	32	48.09	-25.21	28.94
70	64	192	32	53.8	-34.83	34.61
71	64	224	32	59.88	-45.09	40.54
72	64	255	32	65.99	-55.51	46.42
73	64	0	64	20	19.06	0
74	64	32	64	27.6	9.68	-0.27
75	64	64	64	34.83	0	0
76	64	96	64	39.25	-7.77	4.88
77	64	128	64	44.12	-16.13	9.96
78	64	160	64	49.49	-25.21	15.31
79	64	192	64	55.37	-34.99	20.89
80	64	224	64	61.67	-45.44	26.69
81	64	255	64	67.96	-56.01	32.42
82	96	0	0	25.53	28.02	28.02
83	96	32	0	31.11	18.64	32.21
84	96	64	0	36.27	9.31	36.57
85	96	96	0	41.02	0	41.08
86	96	128	0	45.99	-8.1	46.12
87	96	160	0	51.38	-16.77	51.56
88	96	192	0	57.13	-26.02	57.51
89	96	224	0	63.25	-35.87	63.99
90	96	255	0	69.42	-45.91	70.48
91	96	0	32	24.9	28.43	18.58
92	96	32	32	32.42	18.71	18.71
93	96	64	32	37.57	9.07	22.83
94	96	96	32	42.35	-0.66	26.99
95	96	128	32	47.25	-8.83	32.08
96	96	160	32	52.59	-17.58	37.47
97	96	192	32	58.32	-26.92	43.22
98	96	224	32	64.41	-36.82	49.32
99	96	255	32	70.55	-46.92	55.48
100	96	0	64	23.99	28.6	9.24
101	96	32	64	31.58	19.11	9.04
102	96	64	64	38.82	9.37	9.37
103	96	96	64	43.59	-0.66	13.3
104	96	128	64	48.5	-8.91	18.4
105	96	160	64	53.88	-17.77	23.77
106	96	192	64	59.71	-27.24	29.43
107	96	224	64	65.93	-37.29	35.36
108	96	255	64	72.19	-47.51	41.28
109	128	0	0	30	37	37
110	128	32	0	35.58	27.73	41.14
111	128	64	0	40.78	18.48	45.39
112	128	96	0	45.57	9.24	49.78
113	128	128	0	50	0	54.29
114	128	160	0	55.55	-8.54	59.58
115	128	192	0	61.42	-17.6	65.48
116	128	224	0	67.64	-27.2	72.04
117	128	255	0	74	-37	79
118	128	0	32	29.3	37.73	27.62
119	128	32	32	36.91	27.85	27.85
120	128	64	32	42.06	18.28	31.9
121	128	96	32	46.82	8.61	35.99
122	128	128	32	51.3	-1.15	40.07
123	128	160	32	56.69	-9.76	45.43
124	128	192	32	62.48	-18.88	51.18
125	128	224	32	68.6	-28.52	57.37
126	128	255	32	74.81	-38.32	63.81
127	128	0	64	28.4	38.11	18.33
128	128	32	64	36.02	28.48	18.21
129	128	64	64	43.31	18.63	18.63
130	128	96	64	48.05	8.66	22.5
131	128	128	64	52.5	-1.53	26.29
132	128	160	64	57.88	-10.24	31.66
133	128	192	64	63.68	-19.46	37.33
134	128	224	64	69.84	-29.2	43.32
135	128	255	64	76.06	-39.08	49.42
136	160	0	0	35.58	45.58	45.58
137	160	32	0	40.74	36.58	49.85
138	160	64	0	45.81	27.48	54.09
139	160	96	0	50.58	18.36	58.36
140	160	128	0	55.07	9.2	62.68
141	160	160	0	59.34	0	66.92
142	160	192	0	65.31	-8.92	72.7
143	160	224	0	71.57	-18.3	79.14
144	160	255	0	77.94	-27.84	86.02
145	160	0	32	34.33	46.87	36.41
146	160	32	32	42.12	36.76	36.76
147	160	64	32	47.1	27.33	40.81
148	160	96	32	51.79	17.77	44.84
149	160	128	32	56.23	8.07	48.84
150	160	160	32	60.46	-1.76	52.76
151	160	192	32	66.29	-10.73	58.46
152	160	224	32	72.45	-20.15	64.66
153	160	255	32	78.71	-29.7	71.19
154	160	0	64	33.24	47.59	27.22
155	160	32	64	40.98	37.74	27.22
156	160	64	64	48.4	27.75	27.75
157	160	96	64	53.03	17.86	31.58
158	160	128	64	57.4	7.73	35.32
159	160	160	64	61.58	-2.65	38.92
160	160	192	64	67.36	-11.71	44.58
161	160	224	64	73.49	-21.21	50.6
162	160	255	64	79.69	-30.8	56.78
163	192	0	0	41.79	53.93	53.93
164	192	32	0	46.55	45.19	58.35
165	192	64	0	51.34	36.32	62.68
166	192	96	0	55.99	27.35	66.94
167	192	128	0	60.45	18.3	71.14
168	192	160	0	64.73	9.18	75.26
169	192	192	0	68.89	0	79.25
170	192	224	0	75.18	-9.22	85.54
171	192	255	0	81.52	-18.54	92.19
172	192	0	32	39.99	55.81	44.95
173	192	32	32	48.02	45.43	45.43
174	192	64	32	52.69	36.21	49.57
175	192	96	32	57.21	26.79	53.59
176	192	128	32	61.57	17.19	57.53
177	192	160	32	65.76	7.43	61.36
178	192	192	32	69.84	-2.42	65.09
179	192	224	32	76.03	-11.69	71.21
180	192	255	32	82.29	-21.02	77.67
181	192	0	64	38.47	57.06	35.92
182	192	32	64	46.43	46.92	36.04
183	192	64	64	54.08	36.72	36.72
184	192	96	64	58.51	26.95	40.55
185	192	128	64	62.74	16.9	44.24
186	192	160	64	66.83	6.58	47.79
187	192	192	64	70.82	-3.99	51.2
188	192	224	64	76.95	-13.32	57.2
189	192	255	64	83.14	-22.69	63.4
190	224	0	0	48.37	62.14	62.14
191	224	32	0	52.86	53.61	66.7
192	224	64	0	57.36	44.97	71.15
193	224	96	0	61.81	36.22	75.49
194	224	128	0	66.15	27.33	79.67
195	224	160	0	70.37	18.3	83.7
196	224	192	0	74.5	9.18	87.6
197	224	224	0	78.55	0	91.38
198	224	255	0	84.89	-9.15	97.86
199	224	0	32	46.13	64.57	53.3
200	224	32	32	54.42	53.92	53.92
201	224	64	32	58.78	44.91	58.17
202	224	96	32	63.07	35.67	62.25
203	224	128	32	67.27	26.22	66.18
204	224	160	32	71.37	16.55	69.96
205	224	192	32	75.4	6.76	73.61
206	224	224	32	79.39	-3.07	77.16
207	224	255	32	85.64	-12.24	83.49
208	224	0	64	44.13	66.44	44.43
209	224	32	64	52.37	55.95	44.67
210	224	64	64	60.32	45.52	45.51
211	224	96	64	64.46	35.91	49.4
212	224	128	64	68.49	25.97	53.07
213	224	160	64	72.44	15.72	56.58
214	224	192	64	76.35	5.22	59.94
215	224	224	64	80.24	-5.42	63.18
216	224	255	64	86.43	-14.63	69.33
217	255	0	0	55	70	70
218	255	32	0	59.3	61.62	74.65
219	255	64	0	63.57	53.18	79.24
220	255	96	0	67.81	44.66	83.71
221	255	128	0	72	36	88
222	255	160	0	76.09	27.09	91.98
223	255	192	0	80.13	18.04	95.79
224	255	224	0	84.14	8.91	99.49
225	255	255	0	88	0	103
226	255	0	32	52.43	72.85	61.26
227	255	32	32	60.94	61.98	61.98
228	255	64	32	65.06	53.16	66.34
229	255	96	32	69.11	44.11	70.53
230	255	128	32	73.12	34.85	74.54
231	255	160	32	77.08	25.32	78.31
232	255	192	32	81.02	15.62	81.9
233	255	224	32	84.94	5.84	85.38
234	255	255	32	88.75	-3.57	88.72
235	255	0	64	50.02	75.3	52.52
236	255	32	64	58.48	64.53	52.85
237	255	64	64	66.73	53.85	53.85
238	255	96	64	70.6	44.41	57.81
239	255	128	64	74.39	34.62	61.54
240	255	160	64	78.17	24.49	65.04
241	255	192	64	81.96	14.07	68.37
242	255	224	64	85.78	3.5	71.55
243	255	255	64	89.5	-6.62	74.63
244	0	0	96	18.3	10.07	-14.04
245	0	32	96	20.98	0.67	-16.05
246	0	64	96	23.46	-8.71	-17.39
247	0	96	96	25.74	-18.06	-18.06
248	0	128	96	30.75	-26.46	-13.7
249	0	160	96	36.06	-35.55	-9.35
250	0	192	96	41.53	-45.36	-5.02
251	0	224	96	47.17	-55.91	-0.74
252	0	255	96	52.8	-66.65	3.56
253	0	0	128	19.5	14	-19.5
254	0	32	128	22.37	4.39	-21.73
255	0	64	128	25.1	-5.15	-23.21
256	0	96	128	27.64	-14.62	-23.95
257	0	128	128	30	-24	-24
258	0	160	128	35.59	-33.01	-19.78
259	0	192	128	41.23	-42.72	-15.66
260	0	224	128	46.91	-53.17	-11.7
261	0	255	128	52.5	-64	-8
262	0	0	160	20.81	18.61	-25.85
263	0	32	160	23.81	8.48	-28.04
264	0	64	160	26.74	-1.35	-29.63
265	0	96	160	29.57	-11.03	-30.46
266	0	128	160	32.28	-20.53	-30.53
267	0	160	160	35.04	-29.85	-29.85
268	0	192	160	40.86	-39.45	-25.85
269	0	224	160	46.67	-49.74	-22.03
270	0	255	160	52.3	-60.36	-18.51
271	32	0	96	20.01	16.87	-9.7
272	32	32	96	27.37	7.09	-10.43
273	32	64	96	30.07	-2.61	-11.55
274	32	96	96	32.74	-12.38	-11.99
275	32	128	96	37.63	-20.73	-7.33
276	32	160	96	42.91	-29.73	-2.59
277	32	192	96	48.49	-39.4	2.21
278	32	224	96	54.31	-49.72	7.05
279	32	255	96	60.13	-60.26	11.82
280	32	0	128	21.39	21.07	-15.14
281	32	32	128	28.72	11.1	-16.4
282	32	64	128	31.59	1.22	-17.63
283	32	96	128	34.41	-8.7	-18.1
284	32	128	128	37.25	-18.61	-17.92
285	32	160	128	42.61	-27.54	-13.35
286	32	192	128	48.24	-37.1	-8.8
287	32	224	128	54.03	-47.3	-4.3
288	32	255	128	59.76	-57.79	-0.01
289	32	0	160	22.83	25.78	-21.14
290	32	32	160	30.18	15.56	-23.08
291	32	64	160	33.19	5.37	-24.34
292	32	96	160	36.19	-4.79	-24.83
293	32	128	160	39.2	-14.86	-24.64
294	32	160	160	42.32	-24.85	-23.79
295	32	192	160	48.03	-34.32	-19.41
296	32	224	160	53.87	-44.41	-15.14
297	32	255	160	59.57	-54.8	-11.18
298	64	0	96	21.52	23.03	-5.02
299	64	32	96	29	13.5	-5.69
300	64	64	96	36.18	3.73	-5.75
301	64	96	96	39.07	-6.37	-5.97
302	64	128	96	43.97	-14.69	-1.05
303	64	160	96	49.32	-23.66	4.04
304	64	192	96	55.08	-33.28	9.27
305	64	224	96	61.19	-43.52	14.63
306	64	255	96	67.31	-53.94	19.92
307	64	0	128	23.12	27.43	-10.43
308	64	32	128	30.51	17.7	-11.58
309	64	64	128	37.65	7.79	-12.12
310	64	96	128	40.65	-2.46	-12.35
311	64	128	128	43.77	-12.82	-11.89
312	64	160	128	49.11	-21.7	-7
313	64	192	128	54.82	-31.18	-2.04
314	64	224	128	60.79	-41.26	2.96
315	64	255	128	66.74	-51.54	7.8
316	64	0	160	24.75	32.32	-16.3
317	64	32	160	32.11	22.32	-18.05
318	64	64	160	39.25	12.25	-19.21
319	64	96	160	42.37	1.75	-19.4
320	64	128	160	45.58	-8.8	-18.89
321	64	160	160	49	-19.36	-17.77
322	64	192	160	54.68	-28.74	-13
323	64	224	160	60.6	-38.69	-8.28
324	64	255	160	66.45	-48.85	-3.78
325	96	0	96	22.82	28.55	0
326	96	32	96	30.56	19.38	-0.66
327	96	64	96	37.86	9.87	-0.66
328	96	96	96	44.74	0	0
329	96	128	96	49.69	-8.33	5.12
330	96	160	96	55.17	-17.3	10.5
331	96	192	96	61.17	-26.93	16.12
332	96	224	96	67.72	-37.22	22.01
333	96	255	96	74.34	-47.7	27.87
334	96	0	128	24.66	33.06	-5.37
335	96	32	128	32.21	23.69	-6.46
336	96	64	128	39.44	14.04	-6.91
337	96	96	128	46.29	4.09	-6.63
338	96	128	128	49.56	-6.61	-5.92
339	96	160	128	54.99	-15.49	-0.75
340	96	192	128	60.86	-24.97	4.58
341	96	224	128	67.15	-35.04	10.07
342	96	255	128	73.48	-45.3	15.46
343	96	0	160	26.55	38.09	-11.15
344	96	32	160	33.97	28.45	-12.77
345	96	64	160	41.15	18.61	-13.78
346	96	96	160	48.01	8.55	-14.07
347	96	128	160	51.34	-2.35	-13.26
348	96	160	160	54.93	-13.39	-11.79
349	96	192	160	60.71	-22.74	-6.68
350	96	224	160	66.81	-32.64	-1.52
351	96	255	160	72.9	-42.69	3.47
352	128	0	96	27.29	38.19	9.12
353	128	32	96	34.97	28.9	8.55
354	128	64	96	42.29	19.28	8.63
355	128	96	96	49.21	9.36	9.36
356	128	128	96	53.61	-1.15	12.94
357	128	160	96	59.06	-9.95	18.32
358	128	192	96	64.98	-19.32	23.96
359	128	224	96	71.35	-29.24	29.88
360	128	255	96	77.8	-39.31	35.84
361	128	0	128	26	38	0
362	128	32	128	33.86	29.12	-1.15
363	128	64	128	41.25	19.83	-1.54
364	128	96	128	48.17	10.12	-1.15
365	128	128	128	54.66	0	0
366	128	160	128	60.19	-8.9	5.39
367	128	192	128	66.27	-18.4	11.05
368	128	224	128	72.95	-28.55	16.98
369	128	255	128	80	-39	23
370	128	0	160	28.2	43.11	-5.72
371	128	32	160	35.77	33.96	-7.32
372	128	64	160	43.05	24.48	-8.21
373	128	96	160	49.95	14.65	-8.36
374	128	128	160	56.45	4.46	-7.66
375	128	160	160	60.12	-6.93	-5.87
376	128	192	160	66.06	-16.3	-0.45
377	128	224	160	72.44	-26.22	5.12
378	128	255	160	78.95	-36.32	10.63
379	160	0	96	32.1	47.87	18.09
380	160	32	96	39.81	38.39	17.61
381	160	64	96	47.21	28.64	17.8
382	160	96	96	54.23	18.62	18.62
383	160	128	96	58.54	8.17	22.17
384	160	160	96	62.63	-2.65	25.52
385	160	192	96	68.48	-11.82	31.16
386	160	224	96	74.7	-21.45	37.07
387	160	255	96	80.99	-31.17	43.06
388	160	0	128	30.93	47.78	9.02
389	160	32	128	38.66	38.75	7.96
390	160	64	128	46.06	29.34	7.66
391	160	96	128	53.06	19.55	8.14
392	160	128	128	59.62	9.37	9.37
393	160	160	128	63.63	-1.77	12.55
394	160	192	128	69.6	-11.06	18.18
395	160	224	128	76.03	-20.86	24.09
396	160	255	128	82.63	-30.82	30.03
397	160	0	160	29.85	47.37	0
398	160	32	160	37.62	38.88	-1.76
399	160	64	160	45.04	29.89	-2.65
400	160	96	160	52.01	20.41	-2.65
401	160	128	160	58.51	10.45	-1.77
402	160	160	160	64.57	0	0
403	160	192	160	70.67	-9.4	5.65
404	160	224	160	77.35	-19.39	11.58
405	160	255	160	84.36	-29.62	17.57
406	192	0	96	37.14	57.64	26.9
407	192	32	96	45.02	47.89	26.52
408	192	64	96	52.6	37.95	26.84
409	192	96	96	59.8	27.8	27.8
410	192	128	96	63.94	17.42	31.3
411	192	160	96	67.91	6.63	34.61
412	192	192	96	71.79	-4.52	37.73
413	192	224	96	77.95	-13.95	43.64
414	192	255	96	84.16	-23.42	49.65
415	192	0	128	35.95	57.7	17.9
416	192	32	128	43.75	48.45	16.93
417	192	64	128	51.26	38.86	16.75
418	192	96	128	58.39	28.95	17.35
419	192	128	128	65.1	18.7	18.7
420	192	160	128	68.97	7.59	21.83
421	192	192	128	72.72	-3.99	24.72
422	192	224	128	79	-13.56	30.59
423	192	255	128	85.37	-23.18	36.51
424	192	0	160	34.91	57.35	8.94
425	192	32	160	42.66	48.68	7.25
426	192	64	160	50.12	39.54	6.46
427	192	96	160	57.18	29.95	6.57
428	192	128	160	63.8	19.91	7.56
429	192	160	160	69.97	9.42	9.42
430	192	192	160	73.62	-2.43	12.17
431	192	224	160	80.08	-12.15	18.04
432	192	255	160	86.71	-21.97	23.95
433	224	0	96	42.4	67.58	35.55
434	224	32	96	50.56	57.41	35.27
435	224	64	96	58.41	47.2	35.73
436	224	96	96	65.93	36.9	36.9
437	224	128	96	69.8	26.59	40.37
438	224	160	96	73.58	15.85	43.62
439	224	192	96	77.34	4.74	46.7
440	224	224	96	81.1	-6.77	49.57
441	224	255	96	87.27	-16.06	55.57
442	224	0	128	41.01	67.85	26.65
443	224	32	128	49.05	58.26	25.77
444	224	64	128	56.77	48.41	25.7
445	224	96	128	64.15	38.34	26.47
446	224	128	128	71.13	28.01	28.01
447	224	160	128	74.74	16.91	31.05
448	224	192	128	78.33	5.34	33.88
449	224	224	128	81.95	-6.78	36.49
450	224	255	128	88.21	-16.19	42.39
451	224	0	160	39.95	67.54	17.76
452	224	32	160	47.84	58.64	16.15
453	224	64	160	55.44	49.27	15.46
454	224	96	160	62.67	39.52	15.7
455	224	128	160	69.51	29.39	16.84
456	224	160	160	75.87	18.85	18.85
457	224	192	160	79.32	6.99	21.52
458	224	224	160	82.78	-5.43	23.95
459	224	255	160	89.2	-14.99	29.81
460	255	0	96	47.83	77.14	43.77
461	255	32	96	56.24	66.56	43.58
462	255	64	96	64.4	56.02	44.17
463	255	96	96	72.29	45.55	45.55
464	255	128	96	75.86	35.34	49.03
465	255	160	96	79.38	24.67	52.25
466	255	192	96	82.98	13.63	55.28
467	255	224	96	86.64	2.17	58.12
468	255	255	96	90.25	-8.92	60.84
469	255	0	128	46	78	35
470	255	32	128	54.34	67.93	34.18
471	255	64	128	62.35	57.68	34.22
472	255	96	128	70.06	47.38	35.17
473	255	128	128	77.5	37	37
474	255	160	128	80.72	25.87	39.92
475	255	192	128	84.06	14.31	42.68
476	255	224	128	87.54	2.22	45.24
477	255	255	128	91	-10	47.5
478	255	0	160	44.82	77.66	26.2
479	255	32	160	52.9	68.49	24.65
480	255	64	160	60.75	58.81	24.05
481	255	96	160	68.23	48.82	24.41
482	255	128	160	75.38	38.56	25.76
483	255	160	160	82.07	27.98	27.98
484	255	192	160	85.19	16.08	30.53
485	255	224	160	88.46	3.66	32.89
486	255	255	160	91.75	-8.89	35
487	0	0	192	22.19	23.59	-32.71
488	0	32	192	25.28	12.97	-34.93
489	0	64	192	28.35	2.68	-36.64
490	0	96	192	31.38	-7.31	-37.59
491	0	128	192	34.39	-17.02	-37.72
492	0	160	192	37.4	-26.45	-37.04
493	0	192	192	40.52	-35.66	-35.66
494	0	224	192	46.44	-45.78	-31.9
495	0	255	192	52.17	-56.16	-28.43
496	0	0	224	23.6	28.8	-39.86
497	0	32	224	26.75	17.75	-42.23
498	0	64	224	29.91	6.98	-44.15
499	0	96	224	33.09	-3.46	-45.37
500	0	128	224	36.3	-13.47	-45.64
501	0	160	224	39.55	-23.06	-44.92
502	0	192	224	42.87	-32.35	-43.45
503	0	224	224	46.26	-41.43	-41.43
504	0	255	224	52.07	-51.62	-37.98
505	0	0	255	25	34	-47
506	0	32	255	28.19	22.64	-49.51
507	0	64	255	31.41	11.46	-51.65
508	0	96	255	34.67	0.52	-53.25
509	0	128	255	38	-10	-53.99
510	0	160	255	41.45	-19.79	-53.22
511	0	192	255	44.97	-29.18	-51.59
512	0	224	255	48.53	-38.32	-49.43
513	0	255	255	52	-47	-47
514	32	0	192	24.31	30.93	-27.7
515	32	32	192	31.73	20.44	-30.36
516	32	64	192	34.84	9.8	-31.62
517	32	96	192	37.98	-0.68	-32.13
518	32	128	192	41.17	-10.99	-31.94
519	32	160	192	44.47	-21.14	-31.07
520	32	192	192	47.9	-31.06	-29.61
521	32	224	192	53.81	-41.04	-25.48
522	32	255	192	59.56	-51.26	-21.67
523	32	0	224	25.8	36.39	-34.66
524	32	32	224	33.32	25.63	-38.03
525	32	64	224	36.51	14.53	-39.37
526	32	96	224	39.75	3.62	-39.96
527	32	128	224	43.08	-7.02	-39.82
528	32	160	224	46.55	-17.4	-38.94
529	32	192	224	50.14	-27.46	-37.43
530	32	224	224	53.83	-37.22	-35.38
531	32	255	224	59.65	-47.29	-31.65
532	32	0	255	27.25	41.8	-41.67
533	32	32	255	34.86	30.83	-45.6
534	32	64	255	38.09	19.33	-47.07
535	32	96	255	41.4	7.98	-47.86
536	32	128	255	44.83	-3.11	-47.94
537	32	160	255	48.44	-13.8	-47.13
538	32	192	255	52.2	-24.03	-45.54
539	32	224	255	56.04	-33.88	-43.39
540	32	255	255	59.74	-43.1	-40.96
541	64	0	192	26.37	37.7	-22.63
542	64	32	192	33.76	27.37	-25.02
543	64	64	192	40.99	17.09	-27.01
544	64	96	192	44.18	6.24	-27.12
545	64	128	192	47.5	-4.58	-26.49
546	64	160	192	51	-15.33	-25.28
547	64	192	192	54.76	-25.98	-23.59
548	64	224	192	60.67	-35.83	-19.05
549	64	255	192	66.49	-45.86	-14.8
550	64	0	224	27.97	43.48	-29.39
551	64	32	224	35.44	32.78	-32.43
552	64	64	224	42.8	22.27	-35.35
553	64	96	224	46.05	10.98	-35.38
554	64	128	224	49.43	-0.2	-34.63
555	64	160	224	53.04	-11.23	-33.31
556	64	192	224	56.89	-22.06	-31.55
557	64	224	224	60.95	-32.61	-29.37
558	64	255	224	66.79	-42.54	-25.25
559	64	0	255	29.49	49.21	-36.26
560	64	32	255	37.04	38.23	-39.81
561	64	64	255	44.55	27.5	-43.55
562	64	96	255	47.84	15.78	-43.62
563	64	128	255	51.26	4.17	-42.86
564	64	160	255	54.95	-7.2	-41.5
565	64	192	255	58.92	-18.27	-39.67
566	64	224	255	63.09	-28.97	-37.42
567	64	255	255	67.13	-38.91	-34.93
568	96	0	192	28.36	43.68	-17.35
569	96	32	192	35.76	33.67	-19.52
570	96	64	192	42.96	23.59	-21.25
571	96	96	192	49.89	13.39	-22.31
572	96	128	192	53.27	2.2	-21.31
573	96	160	192	56.9	-9.06	-19.66
574	96	192	192	60.86	-20.33	-17.62
575	96	224	192	66.87	-30.1	-12.67
576	96	255	192	72.84	-40.01	-7.97
577	96	0	224	30.11	49.84	-23.97
578	96	32	224	37.54	39.33	-26.66
579	96	64	224	44.84	28.96	-29.2
580	96	96	224	51.95	18.62	-31.42
581	96	128	224	55.31	7.02	-30.06
582	96	160	224	58.95	-4.57	-28.11
583	96	192	224	62.96	-16.05	-25.88
584	96	224	224	67.39	-27.45	-23.39
585	96	255	224	73.31	-37.25	-18.87
586	96	0	255	31.74	56.06	-30.73
587	96	32	255	39.22	45.12	-33.84
588	96	64	255	46.63	34.41	-37.11
589	96	96	255	53.98	23.94	-40.54
590	96	128	255	57.32	11.86	-38.91
591	96	160	255	60.94	-0.12	-36.63
592	96	192	255	65	-11.89	-34.22
593	96	224	255	69.49	-23.47	-31.62
594	96	255	255	73.99	-34.3	-28.94
595	128	0	192	30.28	48.82	-11.82
596	128	32	192	37.73	39.31	-13.89
597	128	64	192	44.95	29.56	-15.39
598	128	96	192	51.87	19.58	-16.22
599	128	128	192	58.43	9.3	-16.21
600	128	160	192	62.11	-2.33	-14.17
601	128	192	192	66.17	-14.09	-11.7
602	128	224	192	72.36	-23.86	-6.38
603	128	255	192	78.58	-33.73	-1.22
604	128	0	224	32.22	55.19	-18.32
605	128	32	224	39.65	45.16	-20.83
606	128	64	224	46.89	35.07	-22.97
607	128	96	224	53.92	24.89	-24.72
608	128	128	224	60.64	14.54	-25.77
609	128	160	224	64.26	2.53	-23.22
610	128	192	224	68.29	-9.49	-20.4
611	128	224	224	72.88	-21.53	-17.46
612	128	255	224	78.97	-31.28	-12.53
613	128	0	255	34	62	-25
614	128	32	255	41.45	51.32	-27.82
615	128	64	255	48.75	40.76	-30.54
616	128	96	255	55.93	30.34	-33.27
617	128	128	255	63	20	-36
618	128	160	255	66.43	7.45	-32.54
619	128	192	255	70.41	-4.93	-29.22
620	128	224	255	75	-17.2	-26.05
621	128	255	255	80	-29	-23
622	160	0	192	32.15	53.12	-6.02
623	160	32	192	39.73	44.3	-8.19
624	160	64	192	47.02	35.04	-9.61
625	160	96	192	53.96	25.38	-10.2
626	160	128	192	60.5	15.31	-9.93
627	160	160	192	66.61	4.82	-8.7
628	160	192	192	70.66	-7.28	-5.82
629	160	224	192	77.08	-17.08	-0.18
630	160	255	192	83.65	-27.01	5.39
631	160	0	224	34.31	59.51	-12.4
632	160	32	224	41.81	50.26	-14.95
633	160	64	224	49.06	40.65	-16.89
634	160	96	224	56.02	30.75	-18.21
635	160	128	224	62.65	20.56	-18.79
636	160	160	224	68.87	10	-18.37
637	160	192	224	72.86	-2.39	-15.04
638	160	224	224	77.38	-14.86	-11.6
639	160	255	224	83.71	-24.61	-6.29
640	160	0	255	36.26	66.32	-18.92
641	160	32	255	43.74	56.61	-21.76
642	160	64	255	50.99	46.5	-24.16
643	160	96	255	58.02	36.29	-26.18
644	160	128	255	64.83	25.96	-27.87
645	160	160	255	71.29	15.39	-28.71
646	160	192	255	75.12	2.56	-24.57
647	160	224	255	79.58	-10.19	-20.68
648	160	255	255	84.5	-22.48	-17.15
649	192	0	192	34.08	56.7	0
650	192	32	192	41.8	48.61	-2.42
651	192	64	192	49.24	40.04	-3.99
652	192	96	192	56.25	30.88	-4.52
653	192	128	192	62.78	21.13	-4
654	192	160	192	68.83	10.81	-2.43
655	192	192	192	74.48	0	0
656	192	224	192	81.11	-9.84	5.89
657	192	255	192	88	-19.85	11.82
658	192	0	224	36.4	63.05	-6.28
659	192	32	224	44.02	54.61	-9.05
660	192	64	224	51.36	45.71	-11.08
661	192	96	224	58.34	36.29	-12.21
662	192	128	224	64.9	26.39	-12.37
663	192	160	224	71.03	15.98	-11.51
664	192	192	224	76.76	5.13	-9.67
665	192	224	224	81.16	-7.63	-5.78
666	192	255	224	87.75	-17.43	-0.15
667	192	0	255	38.53	69.74	-12.66
668	192	32	255	46.1	60.98	-15.7
669	192	64	255	53.4	51.67	-18.12
670	192	96	255	60.38	41.91	-19.82
671	192	128	255	67.02	31.8	-20.77
672	192	160	255	73.29	21.3	-20.85
673	192	192	255	79.16	10.41	-19.88
674	192	224	255	83.46	-2.66	-15.42
675	192	255	255	88.16	-15.28	-11.35
676	224	0	192	39.14	66.89	8.88
677	224	32	192	46.93	58.62	6.52
678	224	64	192	54.45	49.87	5.04
679	224	96	192	61.58	40.56	4.63
680	224	128	192	68.27	30.72	5.27
681	224	160	192	74.48	20.33	6.96
682	224	192	192	80.27	9.49	9.49
683	224	224	192	83.6	-3.08	11.83
684	224	255	192	90.22	-12.8	17.69
685	224	0	224	38.53	66.01	0
686	224	32	224	46.28	58.31	-3.07
687	224	64	224	53.79	50.2	-5.41
688	224	96	224	60.91	41.53	-6.77
689	224	128	224	67.5	32.1	-6.78
690	224	160	224	73.52	21.91	-5.43
691	224	192	224	79.12	11.16	-3.08
692	224	224	224	84.4	0	0
693	224	255	224	91.2	-9.85	5.88
694	224	0	255	40.8	72.6	-6.27
695	224	32	255	48.49	64.62	-9.59
696	224	64	255	55.93	56.18	-12.3
697	224	96	255	63.02	47.21	-14.15
698	224	128	255	69.62	37.54	-14.81
699	224	160	255	75.72	27.21	-14.2
700	224	192	255	81.41	16.39	-12.58
701	224	224	255	86.78	5.2	-10.1
702	224	255	255	91.3	-7.66	-5.57
703	255	0	192	44.01	76.96	17.38
704	255	32	192	51.91	68.52	15.08
705	255	64	192	59.59	59.54	13.68
706	255	96	192	66.91	50.02	13.37
707	255	128	192	73.82	40.03	14.16
708	255	160	192	80.28	29.58	16.01
709	255	192	192	86.28	18.7	18.7
710	255	224	192	89.38	6.1	20.94
711	255	255	192	92.51	-6.56	22.96
712	255	0	224	43.42	76.04	8.56
713	255	32	224	51.25	68.2	5.54
714	255	64	224	58.86	59.92	3.26
715	255	96	224	66.12	51.08	2
716	255	128	224	72.87	41.52	2.11
717	255	160	224	79.07	31.24	3.59
718	255	192	224	84.85	20.44	6.07
719	255	224	224	90.28	9.25	9.25
720	255	255	224	93.27	-3.48	11.2
721	255	0	255	43	75	0
722	255	32	255	50.79	67.61	-3.57
723	255	64	255	58.38	59.92	-6.63
724	255	96	255	65.68	51.8	-8.92
725	255	128	255	72.5	43	-10
726	255	160	255	78.47	32.96	-8.89
727	255	192	255	83.96	22.24	-6.56
728	255	224	255	89.16	11.08	-3.48
729	255	255	255	94	0	0
730	16	16	16	19.96	0	0
731	32	32	32	24.91	0	0
732	48	48	48	29.87	0	0
733	64	64	64	34.83	0	0
734	80	80	80	39.78	0	0
735	96	96	96	44.74	0	0
736	112	112	112	49.7	0	0
737	128	128	128	54.66	0	0
738	144	144	144	59.61	0	0
739	160	160	160	64.57	0	0
740	176	176	176	69.53	0	0
741	192	192	192	74.48	0	0
742	208	208	208	79.44	0	0
743	224	224	224	84.4	0	0
744	240	240	240	89.35	0	0
745	244	244	244	90.59	0	0
746	233	233	233	87.19	0	0
747	207	207	207	79.13	0	0
748	11	0	0	16.08	3.26	3.26
749	0	11	0	16.23	-2.32	1.53
750	0	0	11	15.37	1.07	-1.51
751	22	0	0	17.18	6.51	6.51
752	0	22	0	17.47	-4.67	3.08
753	0	0	22	15.73	2.17	-3.03
754	48	0	0	19.9	14.14	14.14
755	0	48	0	20.49	-10.38	6.77
756	0	0	48	16.61	4.81	-6.73
757	32	16	16	21.6	4.73	4.73
758	48	32	32	26.65	4.72	4.72
759	64	48	48	31.7	4.71	4.71
760	80	64	64	36.77	4.7	4.7
761	96	80	80	41.84	4.69	4.69
762	112	96	96	46.92	4.69	4.69
763	128	112	112	51.98	4.69	4.69
764	144	128	128	57.08	4.69	4.69
765	160	144	144	62.14	4.7	4.7
766	176	160	160	67.21	4.71	4.71
767	192	176	176	72.27	4.73	4.73
768	208	192	192	77.32	4.74	4.75
769	224	208	208	82.36	4.76	4.76
770	240	224	224	87.39	4.78	4.78
771	255	240	240	92.21	4.49	4.49
772	255	244	244	92.69	3.3	3.29
773	255	233	233	91.37	6.58	6.58
774	255	207	207	88.18	14.29	14.29
775	244	0	0	52.62	67.22	67.22
776	255	11	0	56.48	67.13	71.61
777	255	0	11	54.1	71.02	67
778	233	0	0	50.27	64.43	64.43
779	255	22	0	57.96	64.25	73.21
780	255	0	22	53.22	72	63.99
781	207	0	0	44.83	57.79	57.79
782	255	48	0	61.44	57.41	76.95
783	255	0	48	51.2	74.14	56.89
784	16	32	16	21.82	-3.47	2.27
785	32	48	32	26.86	-3.57	2.31
786	48	64	48	31.92	-3.69	2.36
787	64	80	64	36.99	-3.82	2.42
788	80	96	80	42.07	-3.95	2.47
789	96	112	96	47.16	-4.1	2.54
790	112	128	112	52.24	-4.22	2.59
791	128	144	128	57.36	-4.38	2.67
792	144	160	144	62.45	-4.5	2.73
793	160	176	160	67.56	-4.63	2.8
794	176	192	176	72.64	-4.75	2.86
795	192	208	192	77.73	-4.86	2.92
796	208	224	208	82.8	-4.95	2.97
797	224	240	224	87.86	-5.03	3.01
798	240	255	240	92.68	-4.78	2.86
799	244	255	244	93.03	-3.51	2.1
800	233	255	233	92.04	-7	4.19
801	207	255	207	89.55	-15.18	9.06
802	11	255	0	55.84	-69.04	44.56
803	0	244	0	51.86	-68.11	39
804	0	255	11	53.85	-71.5	36.59
805	22	255	0	57.67	-66.08	48.07
806	0	233	0	49.74	-64.25	37
807	0	255	22	53.7	-70.98	32.2
808	48	255	0	61.92	-59.04	56.23
809	0	207	0	44.8	-55.26	32.33
810	0	255	48	53.37	-69.65	21.94
811	16	16	32	20.51	1.62	-2.31
812	32	32	48	25.5	1.68	-2.45
813	48	48	64	30.49	1.75	-2.61
814	64	64	80	35.49	1.83	-2.8
815	80	80	96	40.49	1.91	-3
816	96	96	112	45.5	2	-3.24
817	112	112	128	50.51	2.08	-3.45
818	128	128	144	55.53	2.19	-3.74
819	144	144	160	60.54	2.27	-3.96
820	160	160	176	65.56	2.36	-4.24
821	176	176	192	70.58	2.44	-4.47
822	192	192	208	75.6	2.52	-4.72
823	208	208	224	80.6	2.59	-4.94
824	224	224	240	85.61	2.65	-5.12
825	240	240	255	90.53	2.53	-4.95
826	244	244	255	91.46	1.86	-3.64
827	233	233	255	88.89	3.7	-7.22
828	207	207	255	82.76	7.99	-15.39
829	11	0	255	25.77	36.72	-45.18
830	0	11	255	26.09	30.08	-47.9
831	0	0	244	24.5	32.14	-44.45
832	22	0	255	26.55	39.4	-43.35
833	0	22	255	27.19	26.18	-48.76
834	0	0	233	24.01	30.3	-41.92
835	48	0	255	28.37	45.56	-38.98
836	0	48	255	29.8	17.03	-50.63
837	0	0	207	22.85	26.01	-36.03
838	0	16	16	16.66	-3.03	-3.03
839	16	32	32	21.7	-3.05	-3.02
840	32	48	48	26.75	-3.08	-3.01
841	48	64	64	31.81	-3.12	-3
842	64	80	80	36.9	-3.17	-2.99
843	80	96	96	41.98	-3.23	-2.98
844	96	112	112	47.09	-3.29	-2.97
845	112	128	128	52.18	-3.36	-2.96
846	128	144	144	57.32	-3.44	-2.94
847	144	160	160	62.42	-3.52	-2.93
848	160	176	176	67.54	-3.61	-2.92
849	176	192	192	72.65	-3.69	-2.91
850	192	208	208	77.75	-3.78	-2.9
851	208	224	224	82.84	-3.86	-2.89
852	224	240	240	87.91	-3.93	-2.88
853	244	255	255	93.08	-2.75	-1.98
854	233	255	255	92.12	-5.46	-3.95
855	207	255	255	89.69	-11.75	-8.64
856	11	255	255	54.7	-45.69	-44.92
857	0	244	255	50.76	-43.93	-47.9
858	0	255	244	52.02	-48.66	-43.82
859	22	255	255	57.36	-44.35	-42.84
860	0	233	255	49.53	-40.85	-48.76
861	0	255	233	52.05	-50.3	-40.62
862	48	255	255	63.48	-41.05	-37.94
863	0	207	255	46.63	-33.49	-50.63
864	0	255	207	52.12	-54.07	-32.94
865	16	0	16	16.19	4.77	0
866	32	16	32	21.21	4.8	-0.06
867	48	32	48	26.23	4.83	-0.13
868	64	48	64	31.26	4.87	-0.21
869	80	64	80	36.31	4.92	-0.31
870	96	80	96	41.35	4.98	-0.41
871	112	96	112	46.41	5.05	-0.54
872	128	112	128	51.46	5.11	-0.66
873	144	128	144	56.54	5.2	-0.84
874	160	144	160	61.59	5.28	-0.98
875	176	160	176	66.65	5.37	-1.15
876	192	176	192	71.7	5.46	-1.31
877	208	192	208	76.75	5.54	-1.47
878	224	208	224	81.79	5.62	-1.62
879	240	224	240	86.82	5.69	-1.75
880	255	244	255	92.3	3.96	-1.29
881	255	233	255	90.58	7.89	-2.52
882	255	207	255	86.43	17.05	-5.19
883	255	11	255	45.7	72.49	-1.28
884	244	0	255	42.22	74.18	-2.23
885	255	0	244	43.14	75.39	3.04
886	255	22	255	48.38	69.95	-2.51
887	233	0	255	41.44	73.33	-4.46
888	255	0	233	43.29	75.75	6.07
889	255	48	255	54.62	63.8	-5.17
890	207	0	255	39.59	71.14	-9.67
891	255	0	207	43.71	76.56	13.25
892	16	16	0	19.28	0	6.94
893	32	32	16	24.25	-0.06	6.89
894	48	48	32	29.23	-0.13	6.83
895	64	64	48	34.21	-0.2	6.76
896	80	80	64	39.2	-0.31	6.68
897	96	96	80	44.18	-0.41	6.6
898	112	112	96	49.16	-0.54	6.51
899	128	128	112	54.14	-0.66	6.43
900	144	144	128	59.13	-0.84	6.31
901	160	160	144	64.1	-0.98	6.23
902	176	176	160	69.08	-1.15	6.13
903	192	192	176	74.06	-1.31	6.04
904	208	208	192	79.03	-1.47	5.95
905	224	224	208	84	-1.62	5.88
906	240	240	224	88.97	-1.75	5.82
907	255	255	244	93.74	-1.28	3.96
908	255	255	233	93.48	-2.51	7.93
909	255	255	207	92.87	-5.19	17.42
910	255	255	11	88.26	-1.28	98.07
911	244	255	0	86.91	-3.25	101.21
912	255	244	0	86.63	3.17	101.76
913	255	255	22	88.52	-2.51	93.16
914	233	255	0	85.8	-6.5	99.38
915	255	233	0	85.26	6.33	100.51
916	255	255	48	89.12	-5.17	81.65
917	207	255	0	83.12	-14.14	94.9
918	255	207	0	82.01	13.77	97.53
END_DATA