ISO28178
FILE_DESCRIPTOR	"FOGRA57"
ORIGINATOR	"Fogra, www.fogra.org, developed by GMG GmbH & Co KG, Heidelberger Druckmaschinen AG"
CREATED	"January 2019"
TARGET_TYPE	"ISO12642-2"
INSTRUMENTATION	"D50, 2 degree, geometry 45/0, no polarisation filter, white backing, according to ISO 13655:2009 M1"
PRINT_CONDITIONS	"Offset printing, according to ISO 12647-2:2013, OFCOM. print substrate 1 = premium coated, fluorescence moderate (8-14 DeltaB according to ISO 15397), 115 g/m2. tone value increase curves A (CMYK), laminated with glossy OPP film"
ILLUMINATION_NAME	"D50"
OBSERVER_ANGLE	"2"
FILTER	"M1"
WEIGHTING_FUNCTION	"ILLUMINANT, D50"
WEIGHTING_FUNCTION	"OBSERVER, 2 degree"
# The following flag is intended to improve compatibility with legacy devices.
KEYWORD	"TRACEABILITY"
TRACEABILITY	"NIST"
NUMBER_OF_FIELDS	8
BEGIN_DATA_FORMAT
SAMPLE_ID	CMYK_C	CMYK_M	CMYK_Y	CMYK_K	LAB_L	LAB_A	LAB_B
END_DATA_FORMAT
NUMBER_OF_SETS	1617
BEGIN_DATA
1	0	0	0	0	93.99	1.52	-5.66
2	0	10	0	0	87.11	10.9	-7.59
3	0	20	0	0	80.74	19.73	-8.57
4	0	30	0	0	74.63	28.5	-9.04
5	0	40	0	0	69.68	36.29	-9.02
6	0	55	0	0	62.52	48.34	-8.59
7	0	70	0	0	55.87	60.38	-7.78
8	0	85	0	0	51.09	69.69	-6.23
9	0	100	0	0	47.38	76.95	-3.91
10	10	0	0	0	88.55	-3.56	-12.68
11	10	10	0	0	82.26	5.15	-13.97
12	10	20	0	0	76.41	13.69	-14.53
13	10	30	0	0	70.53	22.14	-14.99
14	10	40	0	0	66.03	29.56	-14.54
15	10	55	0	0	59.06	41.46	-14.48
16	10	70	0	0	52.64	53.35	-13.32
17	10	85	0	0	47.74	63.13	-12.16
18	10	100	0	0	43.94	71.01	-10.21
19	20	0	0	0	83.49	-8.18	-18.71
20	20	10	0	0	77.6	0.44	-19.79
21	20	20	0	0	72.11	8.54	-20.21
22	20	30	0	0	66.72	16.53	-20.08
23	20	40	0	0	62.35	23.83	-19.92
24	20	55	0	0	55.67	35.35	-19.55
25	20	70	0	0	49.33	47.38	-18.73
26	20	85	0	0	44.61	57.05	-17.4
27	20	100	0	0	40.9	65.16	-15.58
28	30	0	0	0	78.24	-12.38	-24.98
29	30	10	0	0	73.03	-4.63	-25.43
30	30	20	0	0	67.93	3.2	-25.49
31	30	30	0	0	62.86	11	-25.56
32	30	40	0	0	58.56	17.86	-25.2
33	30	55	0	0	52.26	29.25	-24.71
34	30	70	0	0	46.21	40.94	-23.75
35	30	85	0	0	41.43	51	-22.81
36	30	100	0	0	37.73	59.38	-21.39
37	40	0	0	0	74.38	-16.39	-29.42
38	40	10	0	0	69.29	-8.61	-29.99
39	40	20	0	0	64.52	-1.25	-30.05
40	40	30	0	0	59.73	6.31	-29.75
41	40	40	0	0	55.62	13.09	-29.28
42	40	55	0	0	49.64	24.15	-29.08
43	40	70	0	0	43.69	35.49	-28.13
44	40	85	0	0	38.72	45.6	-27.1
45	40	100	0	0	35.02	54.28	-26.02
46	55	0	0	0	68.13	-21.96	-36.91
47	55	10	0	0	63.73	-14.87	-36.87
48	55	20	0	0	59.42	-8.13	-36.42
49	55	30	0	0	54.91	-1.12	-36.29
50	55	40	0	0	51.24	5.34	-35.9
51	55	55	0	0	45.41	16.11	-35.8
52	55	70	0	0	39.64	27.1	-34.66
53	55	85	0	0	34.78	37.28	-33.84
54	55	100	0	0	31.19	46.06	-32.93
55	70	0	0	0	62.53	-27.64	-43.6
56	70	10	0	0	58.57	-21.2	-43.37
57	70	20	0	0	54.61	-14.65	-43.02
58	70	30	0	0	50.66	-8.34	-42.37
59	70	40	0	0	47.17	-2.25	-42.01
60	70	55	0	0	41.5	7.98	-41.44
61	70	70	0	0	36.08	18.51	-40.5
62	70	85	0	0	31.24	29.09	-40.2
63	70	100	0	0	27.7	37.56	-39.47
64	85	0	0	0	58.43	-32.29	-48.75
65	85	10	0	0	54.7	-26.53	-48.54
66	85	20	0	0	51.03	-20.46	-47.83
67	85	30	0	0	47.42	-14.53	-47.32
68	85	40	0	0	43.95	-8.96	-46.93
69	85	55	0	0	38.73	0.33	-46.14
70	85	70	0	0	33.32	11.02	-45.55
71	85	85	0	0	28.65	20.96	-44.86
72	85	100	0	0	25	29.11	-44.32
73	100	0	0	0	55.39	-35.65	-52.83
74	100	10	0	0	52	-30.37	-52.41
75	100	20	0	0	48.58	-24.82	-51.87
76	100	30	0	0	45.1	-19.59	-51.21
77	100	40	0	0	41.83	-13.94	-50.54
78	100	55	0	0	36.86	-5.11	-49.85
79	100	70	0	0	31.67	4.52	-49.12
80	100	85	0	0	26.85	14.1	-48.4
81	100	100	0	0	22.85	22.08	-48.02
82	0	0	10	0	93.14	-0.39	7
83	0	10	10	0	86.44	8.97	4.19
84	0	20	10	0	80.24	17.79	2.26
85	0	30	10	0	74.07	27.19	0.74
86	0	40	10	0	69.43	34.63	-0.06
87	0	55	10	0	62.35	47.06	-1.04
88	0	70	10	0	55.74	59.08	-1.02
89	0	85	10	0	50.97	68.68	-0.49
90	0	100	10	0	47.53	76.07	0.54
91	10	0	10	0	87.63	-5.85	-0.04
92	10	10	10	0	81.48	3.18	-2.58
93	10	20	10	0	75.76	11.56	-4.02
94	10	30	10	0	69.93	20.59	-5.47
95	10	40	10	0	65.63	28.05	-6.03
96	10	55	10	0	58.79	39.97	-6.98
97	10	70	10	0	52.39	52.3	-6.92
98	10	85	10	0	47.64	62.17	-6.46
99	10	100	10	0	43.99	69.99	-5.54
100	20	0	10	0	82.44	-10.56	-6.43
101	20	10	10	0	76.91	-2.06	-8.46
102	20	20	10	0	71.62	6.21	-9.64
103	20	30	10	0	66.16	14.67	-10.81
104	20	40	10	0	61.89	21.87	-11.34
105	20	55	10	0	55.32	33.81	-12.23
106	20	70	10	0	49.12	45.95	-12.18
107	20	85	10	0	44.44	55.85	-11.89
108	20	100	10	0	40.79	64.15	-11.06
109	30	0	10	0	77.4	-15.43	-12.78
110	30	10	10	0	72.19	-7.26	-14.36
111	30	20	10	0	67.26	0.55	-15.52
112	30	30	10	0	62.27	8.71	-16.3
113	30	40	10	0	58.19	15.85	-16.74
114	30	55	10	0	51.89	27.52	-17.43
115	30	70	10	0	45.98	39.41	-17.37
116	30	85	10	0	41.25	49.72	-17.27
117	30	100	10	0	37.7	57.94	-16.66
118	40	0	10	0	73.29	-19.55	-17.8
119	40	10	10	0	68.46	-11.77	-19.22
120	40	20	10	0	63.83	-4.1	-20.12
121	40	30	10	0	59.19	3.63	-20.54
122	40	40	10	0	55.14	10.67	-21.16
123	40	55	10	0	49.27	21.97	-21.7
124	40	70	10	0	43.36	33.79	-21.89
125	40	85	10	0	38.66	44.23	-21.77
126	40	100	10	0	35.09	52.59	-21.31
127	55	0	10	0	67.2	-26.08	-25.62
128	55	10	10	0	62.93	-18.65	-26.58
129	55	20	10	0	58.71	-11.57	-27.03
130	55	30	10	0	54.36	-4.2	-27.52
131	55	40	10	0	50.73	2.59	-27.88
132	55	55	10	0	45.08	13.43	-28.24
133	55	70	10	0	39.41	24.82	-28.49
134	55	85	10	0	34.64	35.3	-28.53
135	55	100	10	0	31.09	44.05	-28.38
136	70	0	10	0	61.55	-32.41	-32.87
137	70	10	10	0	57.74	-25.49	-33.3
138	70	20	10	0	53.9	-18.81	-33.57
139	70	30	10	0	50.03	-11.99	-33.85
140	70	40	10	0	46.62	-5.73	-34.01
141	70	55	10	0	41.22	4.74	-34.41
142	70	70	10	0	35.76	15.86	-34.59
143	70	85	10	0	31.09	26.36	-34.7
144	70	100	10	0	27.5	35.18	-34.51
145	85	0	10	0	57.27	-38.16	-38.61
146	85	10	10	0	53.79	-31.51	-38.84
147	85	20	10	0	50.32	-25.38	-38.89
148	85	30	10	0	46.71	-19.03	-39.01
149	85	40	10	0	43.42	-13.2	-39.09
150	85	55	10	0	38.24	-3.3	-39.31
151	85	70	10	0	33	7.24	-39.53
152	85	85	10	0	28.35	17.57	-39.6
153	85	100	10	0	24.75	26.51	-39.6
154	100	0	10	0	54.13	-41.57	-43.11
155	100	10	10	0	51.07	-36.15	-43.07
156	100	20	10	0	47.77	-30.49	-43.11
157	100	30	10	0	44.39	-24.67	-43.01
158	100	40	10	0	41.26	-18.89	-42.91
159	100	55	10	0	36.33	-9.76	-43.12
160	100	70	10	0	31.26	0.19	-43
161	100	85	10	0	26.59	10.21	-43.13
162	100	100	10	0	22.91	18.63	-43.26
163	0	0	20	0	92.34	-1.93	18.93
164	0	10	20	0	85.73	7.85	14.98
165	0	20	20	0	79.54	16.78	12.06
166	0	30	20	0	73.65	26.07	9.77
167	0	40	20	0	69.06	33.55	8.26
168	0	55	20	0	62.14	46.14	6.34
169	0	70	20	0	55.51	58.2	5.42
170	0	85	20	0	50.85	67.74	5.23
171	0	100	20	0	47.49	75.05	5.69
172	10	0	20	0	86.82	-7.42	11.5
173	10	10	20	0	80.87	1.64	8.1
174	10	20	20	0	75.22	10.34	5.67
175	10	30	20	0	69.49	19.37	3.56
176	10	40	20	0	65.22	26.74	2.27
177	10	55	20	0	58.44	38.89	0.41
178	10	70	20	0	52.16	51.28	-0.6
179	10	85	20	0	47.54	61.15	-0.87
180	10	100	20	0	43.95	69.04	-0.49
181	20	0	20	0	81.73	-12.63	4.94
182	20	10	20	0	76.27	-3.68	1.96
183	20	20	20	0	71.01	4.54	-0.23
184	20	30	20	0	65.61	13.1	-2.17
185	20	40	20	0	61.49	20.47	-3.18
186	20	55	20	0	55.05	32.42	-4.96
187	20	70	20	0	48.99	44.59	-5.83
188	20	85	20	0	44.23	54.93	-6.35
189	20	100	20	0	40.71	62.9	-5.95
190	30	0	20	0	76.52	-17.63	-1.92
191	30	10	20	0	71.47	-9.22	-4.36
192	30	20	20	0	66.59	-1.39	-6.24
193	30	30	20	0	61.74	6.89	-7.68
194	30	40	20	0	57.7	14.25	-8.71
195	30	55	20	0	51.63	25.94	-10.18
196	30	70	20	0	45.77	38.19	-11.22
197	30	85	20	0	41.11	48.42	-11.78
198	30	100	20	0	37.55	56.9	-11.6
199	40	0	20	0	72.54	-22.12	-7.11
200	40	10	20	0	67.69	-13.98	-9.44
201	40	20	20	0	63.24	-6.36	-10.66
202	40	30	20	0	58.62	1.49	-12.04
203	40	40	20	0	54.62	8.8	-13.19
204	40	55	20	0	48.83	20.36	-14.66
205	40	70	20	0	43.13	32.11	-15.75
206	40	85	20	0	38.36	42.81	-16.46
207	40	100	20	0	34.94	51.34	-16.28
208	55	0	20	0	66.33	-29.05	-15.32
209	55	10	20	0	62.1	-21.37	-16.89
210	55	20	20	0	58.12	-14.28	-18
211	55	30	20	0	53.8	-6.68	-19.19
212	55	40	20	0	50.24	0.17	-20.09
213	55	55	20	0	44.75	11.18	-21.23
214	55	70	20	0	39.19	22.89	-22.23
215	55	85	20	0	34.5	33.58	-23.06
216	55	100	20	0	30.88	42.37	-23.35
217	70	0	20	0	60.69	-36.14	-22.95
218	70	10	20	0	56.94	-29.1	-24.14
219	70	20	20	0	53.31	-22.23	-24.77
220	70	30	20	0	49.37	-15.04	-25.84
221	70	40	20	0	46.1	-8.65	-26.34
222	70	55	20	0	40.83	2.03	-27.51
223	70	70	20	0	35.52	13.22	-28.37
224	70	85	20	0	30.84	24.14	-29.31
225	70	100	20	0	27.32	33.11	-29.49
226	85	0	20	0	56.32	-42.27	-28.93
227	85	10	20	0	53.05	-35.82	-29.69
228	85	20	20	0	49.61	-29.43	-30.25
229	85	30	20	0	46.1	-22.87	-30.89
230	85	40	20	0	42.82	-16.7	-31.66
231	85	55	20	0	37.77	-6.63	-32.64
232	85	70	20	0	32.63	4.23	-33.47
233	85	85	20	0	28.09	14.67	-34.24
234	85	100	20	0	24.63	23.71	-34.61
235	100	0	20	0	53.42	-46.92	-33.57
236	100	10	20	0	50.27	-41.11	-34.35
237	100	20	20	0	47.09	-35.11	-34.76
238	100	30	20	0	43.83	-29.01	-35.21
239	100	40	20	0	40.73	-23.18	-35.72
240	100	55	20	0	35.8	-13.4	-36.5
241	100	70	20	0	30.77	-3.13	-37.25
242	100	85	20	0	26.29	6.86	-37.71
243	100	100	20	0	22.83	15.4	-38.28
244	0	0	30	0	91.43	-3.01	30.42
245	0	10	30	0	85.03	6.68	25.84
246	0	20	30	0	79.12	15.81	22.08
247	0	30	30	0	73.2	24.85	18.87
248	0	40	30	0	68.78	32.77	16.79
249	0	55	30	0	61.96	45.04	13.76
250	0	70	30	0	55.53	57.3	11.92
251	0	85	30	0	50.87	66.99	10.78
252	0	100	30	0	47.47	74.36	10.79
253	10	0	30	0	85.98	-8.55	22.88
254	10	10	30	0	80.13	0.47	18.87
255	10	20	30	0	74.6	9.1	15.54
256	10	30	30	0	69.07	18.13	12.61
257	10	40	30	0	64.78	25.59	10.48
258	10	55	30	0	58.24	37.95	7.71
259	10	70	30	0	52.06	50.13	5.82
260	10	85	30	0	47.47	60.15	4.79
261	10	100	30	0	43.93	67.98	4.69
262	20	0	30	0	80.79	-13.82	15.96
263	20	10	30	0	75.27	-5.21	12.2
264	20	20	30	0	70.14	3.07	9.46
265	20	30	30	0	65.09	11.74	6.85
266	20	40	30	0	61.07	19.26	4.92
267	20	55	30	0	54.68	31.25	2.24
268	20	70	30	0	48.75	43.43	0.47
269	20	85	30	0	44.24	53.94	-0.59
270	20	100	30	0	40.65	62	-0.85
271	30	0	30	0	75.69	-19.46	8.9
272	30	10	30	0	70.8	-10.96	5.66
273	30	20	30	0	66	-2.88	3.17
274	30	30	30	0	61.22	5.49	0.98
275	30	40	30	0	57.24	12.78	-0.71
276	30	55	30	0	51.23	24.63	-3.18
277	30	70	30	0	45.5	36.71	-5.02
278	30	85	30	0	40.94	47.1	-6.25
279	30	100	30	0	37.41	55.63	-6.38
280	40	0	30	0	71.66	-24.14	3.47
281	40	10	30	0	67	-15.97	0.53
282	40	20	30	0	62.56	-8.07	-1.57
283	40	30	30	0	58.1	-0.08	-3.63
284	40	40	30	0	54.18	7.14	-5.27
285	40	55	30	0	48.52	18.73	-7.43
286	40	70	30	0	42.88	30.75	-9.39
287	40	85	30	0	38.22	41.43	-10.67
288	40	100	30	0	34.79	50.03	-11.18
289	55	0	30	0	65.44	-31.57	-5.33
290	55	10	30	0	61.42	-23.96	-7.41
291	55	20	30	0	57.35	-16.65	-9.19
292	55	30	30	0	53.22	-8.85	-10.95
293	55	40	30	0	49.7	-1.8	-12.41
294	55	55	30	0	44.33	9.33	-14.4
295	55	70	30	0	38.81	21.11	-16.11
296	55	85	30	0	34.25	31.94	-17.47
297	55	100	30	0	30.82	40.7	-18.29
298	70	0	30	0	59.98	-39.31	-13.02
299	70	10	30	0	56.21	-32.05	-14.78
300	70	20	30	0	52.54	-25	-16.36
301	70	30	30	0	48.79	-17.74	-17.66
302	70	40	30	0	45.54	-11.15	-18.9
303	70	55	30	0	40.45	-0.43	-20.66
304	70	70	30	0	35.2	11.11	-22.34
305	70	85	30	0	30.68	21.98	-23.62
306	70	100	30	0	27.17	31.04	-24.63
307	85	0	30	0	55.66	-45.73	-19.39
308	85	10	30	0	52.25	-39.38	-20.77
309	85	20	30	0	48.94	-32.92	-21.94
310	85	30	30	0	45.45	-26.19	-23.07
311	85	40	30	0	42.3	-19.93	-24.22
312	85	55	30	0	37.35	-9.51	-25.91
313	85	70	30	0	32.37	1.47	-27.39
314	85	85	30	0	27.84	12.1	-28.84
315	85	100	30	0	24.46	21.03	-29.7
316	100	0	30	0	52.66	-51.61	-24.27
317	100	10	30	0	49.53	-45.5	-25.63
318	100	20	30	0	46.3	-39.4	-26.74
319	100	30	30	0	43.1	-33.18	-27.57
320	100	40	30	0	40.03	-26.99	-28.61
321	100	55	30	0	35.27	-17.11	-29.98
322	100	70	30	0	30.43	-6.52	-31.17
323	100	85	30	0	26.04	3.79	-32.28
324	100	100	30	0	22.78	12.15	-33.39
325	0	0	40	0	91.05	-3.47	40.45
326	0	10	40	0	84.7	5.78	35.09
327	0	20	40	0	78.85	15.04	30.77
328	0	30	40	0	72.88	24.01	26.99
329	0	40	40	0	68.51	32.02	24.37
330	0	55	40	0	61.74	44.29	20.54
331	0	70	40	0	55.52	56.34	18.43
332	0	85	40	0	50.85	66.14	16.59
333	0	100	40	0	47.55	73.59	15.89
334	10	0	40	0	85.59	-9.51	32.6
335	10	10	40	0	79.63	-0.41	27.76
336	10	20	40	0	74.18	8.15	23.94
337	10	30	40	0	68.75	17.15	20.57
338	10	40	40	0	64.49	24.91	17.93
339	10	55	40	0	58.08	37.07	14.66
340	10	70	40	0	52.02	49.21	12.25
341	10	85	40	0	47.43	59.42	10.65
342	10	100	40	0	44	67.33	9.83
343	20	0	40	0	80.35	-14.65	25.27
344	20	10	40	0	74.91	-6.23	20.92
345	20	20	40	0	69.84	2.33	17.66
346	20	30	40	0	64.75	10.85	14.5
347	20	40	40	0	60.71	18.41	12.33
348	20	55	40	0	54.63	30.22	9.06
349	20	70	40	0	48.75	42.36	6.61
350	20	85	40	0	44.21	52.84	5
351	20	100	40	0	40.65	61.04	4.3
352	30	0	40	0	75.15	-20.34	17.77
353	30	10	40	0	70.21	-12.04	14.28
354	30	20	40	0	65.7	-4.18	11.34
355	30	30	40	0	60.93	4.24	8.65
356	30	40	40	0	57.04	11.63	6.46
357	30	55	40	0	51.11	23.38	3.53
358	30	70	40	0	45.35	35.66	1.04
359	30	85	40	0	40.87	46.25	-0.62
360	30	100	40	0	37.37	54.72	-1.36
361	40	0	40	0	71.1	-25.11	12.05
362	40	10	40	0	66.53	-17.22	8.91
363	40	20	40	0	62.13	-9.7	6.14
364	40	30	40	0	57.67	-1.41	3.75
365	40	40	40	0	53.89	5.81	1.67
366	40	55	40	0	48.24	17.56	-1
367	40	70	40	0	42.71	29.48	-3.27
368	40	85	40	0	38.18	40.06	-5.26
369	40	100	40	0	34.74	48.7	-6.26
370	55	0	40	0	64.94	-33.35	3.26
371	55	10	40	0	60.95	-25.77	0.62
372	55	20	40	0	56.86	-18.43	-1.81
373	55	30	40	0	52.82	-10.78	-3.76
374	55	40	40	0	49.4	-3.66	-5.55
375	55	55	40	0	44.05	7.59	-7.99
376	55	70	40	0	38.67	19.45	-10.23
377	55	85	40	0	34.13	30.39	-12.06
378	55	100	40	0	30.8	39.34	-13.31
379	70	0	40	0	59.25	-41.03	-4.92
380	70	10	40	0	55.76	-34.37	-7.07
381	70	20	40	0	52.14	-27.27	-8.82
382	70	30	40	0	48.41	-20	-10.61
383	70	40	40	0	45.14	-13.26	-12.11
384	70	55	40	0	40.22	-2.46	-14.43
385	70	70	40	0	35.08	9.14	-16.47
386	70	85	40	0	30.58	20.21	-18.39
387	70	100	40	0	27.21	29.1	-19.57
388	85	0	40	0	55.18	-49.53	-11.13
389	85	10	40	0	51.74	-42.26	-13.19
390	85	20	40	0	48.33	-35.61	-14.88
391	85	30	40	0	45.01	-28.95	-16.4
392	85	40	40	0	41.85	-22.38	-17.73
393	85	55	40	0	37.09	-12.09	-19.74
394	85	70	40	0	32.2	-1.06	-21.71
395	85	85	40	0	27.71	9.75	-23.57
396	85	100	40	0	24.27	18.7	-24.99
397	100	0	40	0	51.96	-55.14	-16.49
398	100	10	40	0	48.79	-48.98	-18.36
399	100	20	40	0	45.68	-42.73	-19.73
400	100	30	40	0	42.55	-36.28	-21
401	100	40	40	0	39.59	-30.31	-22.24
402	100	55	40	0	34.91	-19.93	-23.97
403	100	70	40	0	30.12	-9.32	-25.59
404	100	85	40	0	25.88	0.97	-27.17
405	100	100	40	0	22.8	9.33	-28.57
406	0	0	55	0	90.3	-4.03	56.06
407	0	10	55	0	84	5.44	49.85
408	0	20	55	0	78.17	14.33	44.55
409	0	30	55	0	72.47	23.46	39.97
410	0	40	55	0	68.19	31.14	36.35
411	0	55	55	0	61.54	43.27	31.92
412	0	70	55	0	55.38	55.54	28.17
413	0	85	55	0	50.81	64.99	25.75
414	0	100	55	0	47.55	72.48	23.91
415	10	0	55	0	84.73	-10.25	47.33
416	10	10	55	0	78.93	-1.37	41.93
417	10	20	55	0	73.63	7.34	37.41
418	10	30	55	0	68.33	16.19	33.11
419	10	40	55	0	64.09	23.96	29.92
420	10	55	55	0	57.76	35.97	25.6
421	10	70	55	0	51.81	48.17	22.18
422	10	85	55	0	47.31	58.22	19.56
423	10	100	55	0	43.96	66.02	17.84
424	20	0	55	0	79.45	-15.92	39.65
425	20	10	55	0	74.14	-7.13	34.89
426	20	20	55	0	69.25	1.2	30.78
427	20	30	55	0	64.32	9.51	26.95
428	20	40	55	0	60.31	17.22	23.92
429	20	55	55	0	54.3	29.04	19.99
430	20	70	55	0	48.48	41.06	16.35
431	20	85	55	0	43.99	51.51	13.72
432	20	100	55	0	40.66	59.67	12.17
433	30	0	55	0	74.29	-21.69	32.01
434	30	10	55	0	69.48	-13.47	27.74
435	30	20	55	0	64.94	-5.6	24.21
436	30	30	55	0	60.36	2.87	20.74
437	30	40	55	0	56.55	10.08	17.93
438	30	55	55	0	50.73	21.99	14.03
439	30	70	55	0	45.13	34.21	10.65
440	30	85	55	0	40.74	44.68	8.24
441	30	100	55	0	37.43	53.14	6.24
442	40	0	55	0	70.26	-26.96	25.86
443	40	10	55	0	65.8	-19.15	21.97
444	40	20	55	0	61.54	-11.36	18.83
445	40	30	55	0	57.13	-3.21	15.55
446	40	40	55	0	53.57	3.97	13.1
447	40	55	55	0	47.95	15.72	9.45
448	40	70	55	0	42.45	27.96	6.12
449	40	85	55	0	37.97	38.49	3.25
450	40	100	55	0	34.79	46.86	1.41
451	55	0	55	0	64.03	-35.58	16.55
452	55	10	55	0	60.19	-27.93	13.37
453	55	20	55	0	56.28	-20.58	10.43
454	55	30	55	0	52.32	-12.92	7.84
455	55	40	55	0	48.92	-5.73	5.65
456	55	55	55	0	43.8	5.44	2.21
457	55	70	55	0	38.51	17.5	-1.02
458	55	85	55	0	34.11	28.38	-3.71
459	55	100	55	0	30.72	37.3	-5.63
460	70	0	55	0	58.43	-44.54	8.19
461	70	10	55	0	54.86	-37.21	5.35
462	70	20	55	0	51.41	-30.22	2.9
463	70	30	55	0	47.8	-23.04	0.59
464	70	40	55	0	44.68	-16.09	-1.39
465	70	55	55	0	39.74	-5.16	-4.49
466	70	70	55	0	34.82	6.61	-7.55
467	70	85	55	0	30.36	17.86	-10.17
468	70	100	55	0	27.08	26.66	-12.06
469	85	0	55	0	54.05	-52.9	1.04
470	85	10	55	0	50.82	-46.09	-1.24
471	85	20	55	0	47.55	-39.79	-3.44
472	85	30	55	0	44.26	-32.69	-5.49
473	85	40	55	0	41.32	-26.11	-7.27
474	85	55	55	0	36.6	-15.6	-10.13
475	85	70	55	0	31.74	-4.14	-13.03
476	85	85	55	0	27.48	6.82	-15.54
477	85	100	55	0	24.19	15.7	-17.48
478	100	0	55	0	50.75	-60.07	-4.45
479	100	10	55	0	47.93	-53.85	-6.62
480	100	20	55	0	44.87	-47.42	-8.57
481	100	30	55	0	41.86	-41.01	-10.46
482	100	40	55	0	38.87	-34.71	-12.14
483	100	55	55	0	34.36	-24.15	-14.43
484	100	70	55	0	29.79	-13.37	-17.08
485	100	85	55	0	25.69	-2.85	-19.27
486	100	100	55	0	22.73	5.47	-21.1
487	0	0	70	0	89.64	-4.41	71.31
488	0	10	70	0	83.52	4.8	64.23
489	0	20	70	0	77.85	13.83	58.58
490	0	30	70	0	72.19	22.63	53.35
491	0	40	70	0	67.78	30.68	49.08
492	0	55	70	0	61.32	42.76	43.44
493	0	70	70	0	55.36	54.86	38.82
494	0	85	70	0	50.79	64.28	35.18
495	0	100	70	0	47.54	71.7	32.91
496	10	0	70	0	84.16	-10.78	62.16
497	10	10	70	0	78.47	-1.95	56.15
498	10	20	70	0	73.18	6.53	51.08
499	10	30	70	0	67.89	15.43	46.22
500	10	40	70	0	63.78	23.08	42.48
501	10	55	70	0	57.54	35.22	37.25
502	10	70	70	0	51.67	47.18	32.57
503	10	85	70	0	47.24	57.36	29.23
504	10	100	70	0	43.92	65.1	26.39
505	20	0	70	0	78.8	-16.62	53.86
506	20	10	70	0	73.58	-8.05	48.83
507	20	20	70	0	68.83	0.06	44.35
508	20	30	70	0	63.89	8.54	39.63
509	20	40	70	0	60.02	16.17	36.29
510	20	55	70	0	54.04	28.08	31.22
511	20	70	70	0	48.33	40.1	26.83
512	20	85	70	0	43.85	50.32	23.09
513	20	100	70	0	40.69	58.48	20.57
514	30	0	70	0	73.72	-22.51	46.23
515	30	10	70	0	68.87	-14.55	41.34
516	30	20	70	0	64.4	-6.65	37.25
517	30	30	70	0	59.95	1.68	33.34
518	30	40	70	0	56.26	9.07	29.91
519	30	55	70	0	50.47	20.69	25.11
520	30	70	70	0	44.97	32.89	20.79
521	30	85	70	0	40.63	43.28	17.28
522	30	100	70	0	37.39	51.72	14.5
523	40	0	70	0	69.64	-28.16	39.61
524	40	10	70	0	65.24	-20.28	35.41
525	40	20	70	0	60.99	-12.61	31.6
526	40	30	70	0	56.82	-4.62	27.86
527	40	40	70	0	53.13	2.66	24.53
528	40	55	70	0	47.63	14.34	20.08
529	40	70	70	0	42.31	26.23	15.81
530	40	85	70	0	37.98	36.92	12.32
531	40	100	70	0	34.71	45.31	9.31
532	55	0	70	0	63.36	-37.08	29.58
533	55	10	70	0	59.5	-29.78	26.24
534	55	20	70	0	55.7	-22.29	22.9
535	55	30	70	0	51.87	-14.67	19.76
536	55	40	70	0	48.54	-7.6	16.77
537	55	55	70	0	43.45	3.63	12.69
538	55	70	70	0	38.31	15.65	8.5
539	55	85	70	0	33.9	26.67	4.92
540	55	100	70	0	30.61	35.52	2.13
541	70	0	70	0	57.77	-46.49	20.88
542	70	10	70	0	54.24	-39.57	17.58
543	70	20	70	0	50.81	-32.65	14.82
544	70	30	70	0	47.25	-25.29	12.02
545	70	40	70	0	44.2	-18.41	9.54
546	70	55	70	0	39.41	-7.39	5.58
547	70	70	70	0	34.45	4.42	1.64
548	70	85	70	0	30.15	15.59	-1.81
549	70	100	70	0	26.95	24.59	-4.3
550	85	0	70	0	53.29	-55.76	13.36
551	85	10	70	0	50.13	-49.49	10.6
552	85	20	70	0	46.89	-42.78	7.9
553	85	30	70	0	43.68	-35.92	5.4
554	85	40	70	0	40.81	-29.09	3.28
555	85	55	70	0	36.17	-18.42	-0.36
556	85	70	70	0	31.42	-7.01	-4.14
557	85	85	70	0	27.21	4.15	-7.31
558	85	100	70	0	24.03	13.08	-9.62
559	100	0	70	0	49.95	-63.82	7.31
560	100	10	70	0	47.24	-57.72	4.85
561	100	20	70	0	44.35	-51.54	2.56
562	100	30	70	0	41.36	-44.97	0.31
563	100	40	70	0	38.4	-38.29	-1.75
564	100	55	70	0	33.93	-28.12	-5.06
565	100	70	70	0	29.45	-16.76	-8.43
566	100	85	70	0	25.44	-6.13	-11.32
567	100	100	70	0	22.32	2.31	-13.78
568	0	0	85	0	89.25	-4.47	84.28
569	0	10	85	0	83.18	4.45	77.21
570	0	20	85	0	77.51	13.57	71.46
571	0	30	85	0	71.91	22.45	66.13
572	0	40	85	0	67.39	30.43	61.64
573	0	55	85	0	61.03	42.41	55.36
574	0	70	85	0	55.25	54.2	49.89
575	0	85	85	0	50.78	63.7	45.38
576	0	100	85	0	47.4	70.98	42.06
577	10	0	85	0	83.7	-10.98	75.05
578	10	10	85	0	78.11	-2.28	68.97
579	10	20	85	0	72.82	6.13	63.6
580	10	30	85	0	67.68	14.93	58.67
581	10	40	85	0	63.53	22.61	54.57
582	10	55	85	0	57.32	34.6	48.68
583	10	70	85	0	51.5	46.61	43.18
584	10	85	85	0	47.1	56.6	38.86
585	10	100	85	0	43.89	64.09	35.31
586	20	0	85	0	78.47	-16.94	66.63
587	20	10	85	0	73.2	-8.56	61.46
588	20	20	85	0	68.47	-0.41	56.72
589	20	30	85	0	63.63	7.96	51.65
590	20	40	85	0	59.66	15.54	47.75
591	20	55	85	0	53.87	27.31	42.46
592	20	70	85	0	48.22	39.21	37.03
593	20	85	85	0	43.76	49.45	32.67
594	20	100	85	0	40.55	57.38	29.08
595	30	0	85	0	73.19	-22.9	58.46
596	30	10	85	0	68.5	-15.08	53.75
597	30	20	85	0	63.99	-7.18	49.12
598	30	30	85	0	59.64	0.93	44.7
599	30	40	85	0	55.95	8.11	41.3
600	30	55	85	0	50.27	19.84	35.79
601	30	70	85	0	44.9	31.86	30.6
602	30	85	85	0	40.56	42.48	26.43
603	30	100	85	0	37.3	50.41	22.76
604	40	0	85	0	69.15	-28.88	52.22
605	40	10	85	0	64.75	-21.01	47.63
606	40	20	85	0	60.61	-13.24	43.55
607	40	30	85	0	56.51	-5.56	39.29
608	40	40	85	0	52.9	1.79	35.79
609	40	55	85	0	47.46	13.15	30.3
610	40	70	85	0	42.21	25.14	25.42
611	40	85	85	0	37.75	35.8	21.06
612	40	100	85	0	34.53	44.32	17.4
613	55	0	85	0	62.95	-38.46	41.46
614	55	10	85	0	59.08	-30.71	37.75
615	55	20	85	0	55.35	-23.44	34.18
616	55	30	85	0	51.56	-15.99	30.67
617	55	40	85	0	48.24	-8.74	27.45
618	55	55	85	0	43.16	2.36	22.53
619	55	70	85	0	38.05	14.26	17.69
620	55	85	85	0	33.68	25.44	13.32
621	55	100	85	0	30.46	33.91	9.74
622	70	0	85	0	57.3	-48.02	32.28
623	70	10	85	0	53.82	-40.98	28.92
624	70	20	85	0	50.35	-34.2	25.58
625	70	30	85	0	46.91	-26.94	22.44
626	70	40	85	0	43.85	-20.18	19.63
627	70	55	85	0	39.15	-9.11	15.16
628	70	70	85	0	34.23	2.81	10.47
629	70	85	85	0	29.94	13.96	6.24
630	70	100	85	0	26.85	22.77	3.11
631	85	0	85	0	52.74	-57.93	24.46
632	85	10	85	0	49.68	-51.39	21.42
633	85	20	85	0	46.48	-45.05	18.38
634	85	30	85	0	43.29	-38.15	15.48
635	85	40	85	0	40.37	-31.39	13
636	85	55	85	0	35.79	-20.61	8.73
637	85	70	85	0	31.12	-9.13	4.27
638	85	85	85	0	26.96	1.98	0.33
639	85	100	85	0	23.87	10.74	-2.51
640	100	0	85	0	49.38	-66.69	18.08
641	100	10	85	0	46.64	-60.55	15.1
642	100	20	85	0	43.7	-54.4	12.47
643	100	30	85	0	40.81	-47.78	10.01
644	100	40	85	0	37.96	-41.3	7.59
645	100	55	85	0	33.55	-30.97	3.78
646	100	70	85	0	29.18	-19.51	-0.04
647	100	85	85	0	25.12	-8.7	-3.78
648	100	100	85	0	22.19	-0.12	-6.48
649	0	0	100	0	88.9	-4.17	95.67
650	0	10	100	0	82.91	4.78	89.05
651	0	20	100	0	77.34	13.47	82.44
652	0	30	100	0	71.77	22.6	76.78
653	0	40	100	0	67.36	30.1	72.04
654	0	55	100	0	60.86	42.44	65.06
655	0	70	100	0	55.09	53.93	58.74
656	0	85	100	0	50.81	63.37	53.17
657	0	100	100	0	47.44	70.56	48.78
658	10	0	100	0	83.33	-10.63	86.46
659	10	10	100	0	77.78	-2.22	79.97
660	10	20	100	0	72.67	6.11	74.36
661	10	30	100	0	67.52	14.79	69.05
662	10	40	100	0	63.44	22.46	64.54
663	10	55	100	0	57.2	34.33	58.06
664	10	70	100	0	51.57	46.13	51.83
665	10	85	100	0	47.12	56.15	46.18
666	10	100	100	0	43.79	63.65	41.77
667	20	0	100	0	78.22	-17.01	77.8
668	20	10	100	0	73.01	-8.54	72.14
669	20	20	100	0	68.13	-0.5	66.75
670	20	30	100	0	63.4	7.86	61.82
671	20	40	100	0	59.56	15.33	57.58
672	20	55	100	0	53.72	26.89	51.12
673	20	70	100	0	48.15	38.76	45.08
674	20	85	100	0	43.73	49.01	39.6
675	20	100	100	0	40.45	56.81	35.14
676	30	0	100	0	73.02	-23.18	69.01
677	30	10	100	0	68.26	-15.18	64.26
678	30	20	100	0	63.79	-7.61	59.37
679	30	30	100	0	59.45	0.64	54.75
680	30	40	100	0	55.88	7.78	50.69
681	30	55	100	0	50.18	19.32	44.42
682	30	70	100	0	44.74	31.37	38.48
683	30	85	100	0	40.32	41.93	33.03
684	30	100	100	0	37.32	49.79	28.59
685	40	0	100	0	68.78	-28.83	62.36
686	40	10	100	0	64.51	-21.05	57.58
687	40	20	100	0	60.38	-13.48	52.96
688	40	30	100	0	56.3	-5.84	48.67
689	40	40	100	0	52.66	1.29	44.62
690	40	55	100	0	47.35	12.63	38.81
691	40	70	100	0	42.09	24.62	32.86
692	40	85	100	0	37.66	35.4	27.71
693	40	100	100	0	34.5	43.64	23.41
694	55	0	100	0	62.42	-38.11	51.52
695	55	10	100	0	58.74	-30.91	47.35
696	55	20	100	0	55.15	-23.69	43.39
697	55	30	100	0	51.34	-16.4	39.41
698	55	40	100	0	48.12	-9.56	36.04
699	55	55	100	0	43.06	1.56	30.18
700	55	70	100	0	37.93	13.65	24.61
701	55	85	100	0	33.61	24.66	19.49
702	55	100	100	0	30.52	32.96	15.33
703	70	0	100	0	56.74	-47.92	41.73
704	70	10	100	0	53.52	-41.51	37.92
705	70	20	100	0	50.21	-34.6	34.01
706	70	30	100	0	46.87	-27.6	30.78
707	70	40	100	0	43.77	-20.8	27.27
708	70	55	100	0	38.94	-9.88	22.11
709	70	70	100	0	34.07	1.86	16.71
710	70	85	100	0	29.81	13.02	11.95
711	70	100	100	0	26.87	21.5	8.41
712	85	0	100	0	52.38	-58.17	33.21
713	85	10	100	0	49.32	-52.16	29.77
714	85	20	100	0	46.26	-45.94	26.4
715	85	30	100	0	43.13	-38.96	23.37
716	85	40	100	0	40.16	-32.22	20.21
717	85	55	100	0	35.63	-21.95	15.46
718	85	70	100	0	30.94	-10.31	10.48
719	85	85	100	0	26.79	0.81	5.85
720	85	100	100	0	23.77	9.3	2.19
721	100	0	100	0	48.97	-67.9	26.01
722	100	10	100	0	46.31	-62	22.64
723	100	20	100	0	43.27	-55.81	19.8
724	100	30	100	0	40.2	-49.36	16.78
725	100	40	100	0	37.53	-42.91	14.35
726	100	55	100	0	33.35	-32.28	10.06
727	100	70	100	0	29	-20.97	5.73
728	100	85	100	0	25.02	-9.89	1.47
729	100	100	100	0	21.99	-1.31	-1.48
730	0	0	0	20	76.79	0.79	-5.55
731	0	10	0	20	71.43	8.27	-6.56
732	0	20	0	20	66.36	15.37	-7.35
733	0	40	0	20	57.35	29.18	-7.92
734	0	70	0	20	46.18	49.36	-7.17
735	0	100	0	20	38.92	64.52	-4.32
736	10	0	0	20	72.55	-3.19	-10.58
737	10	10	0	20	67.6	3.8	-11.78
738	10	20	0	20	62.97	10.73	-12.18
739	10	40	0	20	54.44	24.21	-12.43
740	10	70	0	20	43.59	44.04	-11.85
741	10	100	0	20	36.08	59.64	-9.38
742	20	0	0	20	68.57	-7.02	-15.28
743	20	10	0	20	63.92	-0.05	-16.35
744	20	20	0	20	59.58	6.59	-16.57
745	20	40	0	20	51.61	19.55	-16.55
746	20	70	0	20	41.01	38.85	-15.82
747	20	100	0	20	33.57	55.05	-13.84
748	40	0	0	20	61.34	-14.04	-24.18
749	40	10	0	20	57.33	-7.66	-24.64
750	40	20	0	20	53.52	-1.57	-24.68
751	40	40	0	20	46.35	10.77	-24.11
752	40	70	0	20	36.45	29.19	-23.5
753	40	100	0	20	28.81	45.59	-22.19
754	70	0	0	20	51.94	-23.74	-35.97
755	70	10	0	20	48.73	-18.15	-35.88
756	70	20	0	20	45.46	-12.61	-35.62
757	70	40	0	20	39.22	-1.69	-34.88
758	70	70	0	20	30.16	15.61	-33.84
759	70	100	0	20	23.15	31.26	-32.81
760	100	0	0	20	46.05	-31.4	-44.11
761	100	10	0	20	43.14	-26.43	-43.98
762	100	20	0	20	40.19	-21.39	-43.53
763	100	40	0	20	34.37	-11.76	-42.67
764	100	70	0	20	26.37	3.5	-41.13
765	100	100	0	20	19.62	17.76	-39.82
766	0	0	10	20	76.17	-0.68	4.89
767	0	10	10	20	70.92	6.67	2.73
768	0	20	10	20	66	13.86	1.37
769	0	40	10	20	57.11	27.99	-0.57
770	0	70	10	20	46.09	48.23	-1.29
771	0	100	10	20	38.91	63.54	-0.11
772	10	0	10	20	71.9	-5.02	-0.68
773	10	10	10	20	67.05	2.11	-2.49
774	10	20	10	20	62.5	8.98	-3.66
775	10	40	10	20	54.19	22.77	-5.18
776	10	70	10	20	43.44	42.74	-5.96
777	10	100	10	20	36.06	58.59	-5.03
778	20	0	10	20	67.86	-8.91	-5.63
779	20	10	10	20	63.46	-2.09	-7.17
780	20	20	10	20	59.23	4.68	-8.06
781	20	40	10	20	51.28	17.79	-9.3
782	20	70	10	20	40.83	37.5	-10.08
783	20	100	10	20	33.51	53.66	-9.51
784	40	0	10	20	60.57	-16.45	-14.88
785	40	10	10	20	56.74	-10.17	-15.92
786	40	20	10	20	53.04	-3.85	-16.58
787	40	40	10	20	46.01	8.59	-17.25
788	40	70	10	20	36.22	27.63	-17.93
789	40	100	10	20	28.84	44.04	-17.97
790	70	0	10	20	51.27	-27.41	-27.21
791	70	10	10	20	48.09	-21.55	-27.65
792	70	20	10	20	44.92	-15.86	-27.84
793	70	40	10	20	38.81	-4.63	-28.14
794	70	70	10	20	30	13.11	-28.45
795	70	100	10	20	22.96	29.18	-28.42
796	100	0	10	20	45.21	-36.03	-36.08
797	100	10	10	20	42.37	-31.05	-36.32
798	100	20	10	20	39.55	-26.02	-36.37
799	100	40	10	20	33.96	-15.78	-36.17
800	100	70	10	20	26.07	0.07	-35.87
801	100	100	10	20	19.56	14.65	-35.43
802	0	0	20	20	75.63	-1.99	14.45
803	0	10	20	20	70.4	5.76	11.47
804	0	20	20	20	65.46	12.98	9.23
805	0	40	20	20	56.83	26.96	6.41
806	0	70	20	20	45.87	47.42	4.18
807	0	100	20	20	38.83	62.77	4.35
808	10	0	20	20	71.39	-6.43	8.63
809	10	10	20	20	66.63	0.82	6.12
810	10	20	20	20	62.08	7.89	4.26
811	10	40	20	20	53.87	21.63	1.78
812	10	70	20	20	43.27	41.7	-0.47
813	10	100	20	20	36.05	57.72	-0.7
814	20	0	20	20	67.37	-10.6	3.48
815	20	10	20	20	63.02	-3.4	1.17
816	20	20	20	20	58.79	3.24	-0.25
817	20	40	20	20	50.98	16.59	-2.46
818	20	70	20	20	40.74	36.36	-4.65
819	20	100	20	20	33.45	52.58	-5.07
820	40	0	20	20	60.04	-18.59	-6.2
821	40	10	20	20	56.16	-11.97	-7.95
822	40	20	20	20	52.6	-5.71	-8.78
823	40	40	20	20	45.61	6.96	-10.54
824	40	70	20	20	36	26.1	-12.62
825	40	100	20	20	28.74	42.74	-13.46
826	70	0	20	20	50.61	-30.29	-19.07
827	70	10	20	20	47.5	-24.49	-19.98
828	70	20	20	20	44.49	-18.65	-20.54
829	70	40	20	20	38.41	-7.05	-21.65
830	70	70	20	20	29.78	10.88	-23.16
831	70	100	20	20	22.94	27.07	-23.92
832	100	0	20	20	44.57	-40.29	-28.28
833	100	10	20	20	41.74	-34.89	-29.05
834	100	20	20	20	38.98	-29.76	-29.44
835	100	40	20	20	33.66	-19.35	-30.01
836	100	70	20	20	25.73	-2.74	-30.78
837	100	100	20	20	19.52	11.87	-31.07
838	0	0	40	20	74.67	-3.56	32.05
839	0	10	40	20	69.64	3.89	28.1
840	0	20	40	20	64.92	11.31	25.08
841	0	40	40	20	56.4	25.66	20.15
842	0	70	40	20	45.72	45.94	15.4
843	0	100	40	20	38.72	61.04	13.43
844	10	0	40	20	70.43	-8.35	25.99
845	10	10	40	20	65.74	-1.04	22.45
846	10	20	40	20	61.33	5.89	19.66
847	10	40	40	20	53.34	19.99	15.14
848	10	70	40	20	43.1	39.97	10.58
849	10	100	40	20	36.03	55.86	8.35
850	20	0	40	20	66.33	-12.49	20.24
851	20	10	40	20	62	-5.73	17.03
852	20	20	40	20	57.92	1.22	14.68
853	20	40	40	20	50.4	14.68	10.72
854	20	70	40	20	40.54	34.37	6.14
855	20	100	40	20	33.37	50.73	3.78
856	40	0	40	20	59.01	-21.25	9.68
857	40	10	40	20	55.29	-14.83	7.38
858	40	20	40	20	51.77	-8.65	5.34
859	40	40	40	20	44.97	4.28	1.98
860	40	70	40	20	35.65	23.67	-1.82
861	40	100	40	20	28.6	40.29	-4.68
862	70	0	40	20	49.59	-34.59	-3.86
863	70	10	40	20	46.58	-28.83	-5.6
864	70	20	40	20	43.56	-22.83	-6.87
865	70	40	40	20	37.61	-10.95	-9.5
866	70	70	40	20	29.33	7.4	-12.82
867	70	100	40	20	22.9	23.69	-15.31
868	100	0	40	20	43.4	-46.85	-13.9
869	100	10	40	20	40.63	-41.44	-15.54
870	100	20	40	20	37.95	-35.93	-16.59
871	100	40	40	20	32.73	-25.01	-18.43
872	100	70	40	20	25.13	-7.82	-20.88
873	100	100	40	20	19.61	6.93	-22.6
874	0	0	70	20	73.76	-4.59	57.93
875	0	10	70	20	68.85	2.74	52.54
876	0	20	70	20	64.24	10.16	48.25
877	0	40	70	20	55.83	24.38	41.02
878	0	70	70	20	45.49	44.35	32.7
879	0	100	70	20	38.76	59.22	27.16
880	10	0	70	20	69.44	-9.6	50.88
881	10	10	70	20	64.9	-2.55	46.37
882	10	20	70	20	60.58	4.39	42.49
883	10	40	70	20	52.78	18.33	35.8
884	10	70	70	20	42.75	38.19	27.69
885	10	100	70	20	35.98	53.8	21.87
886	20	0	70	20	65.21	-14.39	44.49
887	20	10	70	20	61.02	-7.47	40.5
888	20	20	70	20	57.16	-0.74	37.11
889	20	40	70	20	49.87	12.72	30.93
890	20	70	70	20	40.17	32.3	22.97
891	20	100	70	20	33.43	48.25	17.19
892	40	0	70	20	57.85	-23.91	33.06
893	40	10	70	20	54.32	-17.52	29.72
894	40	20	70	20	50.85	-11.2	26.72
895	40	40	70	20	44.32	1.65	21.34
896	40	70	70	20	35.3	20.88	14.05
897	40	100	70	20	28.62	37.22	8.32
898	70	0	70	20	48.3	-39	17.54
899	70	10	70	20	45.34	-33.16	14.99
900	70	20	70	20	42.51	-27.24	12.85
901	70	40	70	20	36.92	-15.2	8.59
902	70	70	70	20	28.86	3.42	2.2
903	70	100	70	20	22.78	19.73	-2.63
904	100	0	70	20	41.78	-54.01	5.57
905	100	10	70	20	39.31	-48.54	3.58
906	100	20	70	20	36.77	-43.08	1.8
907	100	40	70	20	31.75	-31.52	-1.69
908	100	70	70	20	24.6	-13.64	-6.7
909	100	100	70	20	19.15	1.35	-10.14
910	0	0	100	20	73.41	-4.67	79.71
911	0	10	100	20	68.46	2.62	74.1
912	0	20	100	20	63.88	9.84	69.1
913	0	40	100	20	55.67	23.65	60.18
914	0	70	100	20	45.42	43.21	48.33
915	0	100	100	20	38.73	57.95	39.02
916	10	0	100	20	69.02	-9.83	72.46
917	10	10	100	20	64.46	-2.9	67.24
918	10	20	100	20	60.29	3.93	62.67
919	10	40	100	20	52.65	17.55	54.43
920	10	70	100	20	42.77	37	42.99
921	10	100	100	20	35.9	52.28	33.73
922	20	0	100	20	64.92	-14.88	65.33
923	20	10	100	20	60.68	-7.98	60.76
924	20	20	100	20	56.71	-1.33	56.38
925	20	40	100	20	49.7	11.85	48.98
926	20	70	100	20	40.12	30.93	37.87
927	20	100	100	20	33.28	46.87	28.52
928	40	0	100	20	57.28	-24.75	52.15
929	40	10	100	20	53.84	-18.28	48.56
930	40	20	100	20	50.48	-11.92	44.93
931	40	40	100	20	44.11	0.41	38.18
932	40	70	100	20	35.25	19.38	27.76
933	40	100	100	20	28.59	35.67	18.84
934	70	0	100	20	47.43	-40.53	34.98
935	70	10	100	20	44.69	-34.9	31.85
936	70	20	100	20	41.9	-29.02	28.8
937	70	40	100	20	36.49	-17.26	23.06
938	70	70	100	20	28.63	1.12	14.36
939	70	100	100	20	22.68	16.96	7.27
940	100	0	100	20	40.94	-57.28	21.16
941	100	10	100	20	38.39	-52.2	18.65
942	100	20	100	20	35.91	-46.56	15.93
943	100	40	100	20	31.17	-35.17	11.25
944	100	70	100	20	24.3	-17	4.54
945	100	100	100	20	19.09	-1.88	-0.24
946	0	0	0	40	61.7	0.32	-4.8
947	0	20	0	40	53.46	12.05	-5.86
948	0	40	0	40	46.42	23.43	-6.61
949	0	70	0	40	37.34	40.1	-5.98
950	0	100	0	40	31.27	53.25	-3.81
951	20	0	0	40	55.26	-5.87	-12.11
952	20	20	0	40	48.38	5.03	-13.15
953	20	40	0	40	42.06	15.68	-13.25
954	20	70	0	40	33.38	31.73	-12.65
955	20	100	0	40	27.06	45.31	-11.13
956	40	0	0	40	49.68	-11.7	-19.46
957	40	20	0	40	43.62	-1.53	-19.8
958	40	40	0	40	37.87	8.75	-19.31
959	40	70	0	40	29.8	23.92	-18.79
960	40	100	0	40	23.38	37.53	-18.01
961	70	0	0	40	42.16	-19.85	-29.44
962	70	20	0	40	37.01	-10.62	-28.99
963	70	40	0	40	32.03	-1.37	-28.34
964	70	70	0	40	24.72	12.8	-27.19
965	70	100	0	40	19	25.35	-26.36
966	100	0	0	40	37.36	-26.77	-36.43
967	100	20	0	40	32.58	-18.09	-35.89
968	100	40	0	40	27.81	-9.7	-35.14
969	100	70	0	40	21.43	3.09	-33.46
970	100	100	0	40	16.47	14.01	-31.82
971	0	0	20	40	60.79	-1.95	11.42
972	0	20	20	40	52.92	9.94	7.55
973	0	40	20	40	46.04	21.41	5.44
974	0	70	20	40	37.16	38.2	3.78
975	0	100	20	40	31.24	51.45	3.97
976	20	0	20	40	54.49	-8.85	2.74
977	20	20	20	40	47.76	2.32	0.05
978	20	40	20	40	41.54	13.18	-1.56
979	20	70	20	40	33.2	29.37	-3.18
980	20	100	20	40	27.07	43	-3.66
981	40	0	20	40	48.78	-15.34	-5.06
982	40	20	20	40	42.99	-4.98	-6.84
983	40	40	20	40	37.35	5.44	-8.02
984	40	70	20	40	29.47	20.91	-9.53
985	40	100	20	40	23.39	34.68	-10.27
986	70	0	20	40	41.17	-25.17	-15.66
987	70	20	20	40	36.25	-15.46	-16.66
988	70	40	20	40	31.35	-5.77	-17.36
989	70	70	20	40	24.39	8.69	-18.19
990	70	100	20	40	18.98	21.5	-18.65
991	100	0	20	40	36.23	-33.74	-23.51
992	100	20	20	40	31.6	-24.63	-24.33
993	100	40	20	40	27.34	-15.67	-24.59
994	100	70	20	40	21.25	-2.25	-24.57
995	100	100	20	40	16.57	8.83	-23.98
996	0	0	40	40	60.21	-3.43	25.48
997	0	20	40	40	52.56	8.5	20.44
998	0	40	40	40	45.71	20.26	16.83
999	0	70	40	40	37.04	36.86	13.25
1000	0	100	40	40	31.04	49.79	11.4
1001	20	0	40	40	53.81	-10.57	16.39
1002	20	20	40	40	47.13	0.52	12.35
1003	20	40	40	40	41.11	11.55	9.47
1004	20	70	40	40	33.06	27.54	5.99
1005	20	100	40	40	27.01	41.14	3.75
1006	40	0	40	40	48.06	-17.64	7.99
1007	40	20	40	40	42.35	-7.47	4.86
1008	40	40	40	40	36.86	3.11	2.44
1009	40	70	40	40	29.2	18.79	-0.42
1010	40	100	40	40	23.35	32.3	-2.89
1011	70	0	40	40	40.44	-28.65	-3.24
1012	70	20	40	40	35.56	-18.85	-5.38
1013	70	40	40	40	30.68	-8.95	-7.2
1014	70	70	40	40	24.05	5.89	-9.46
1015	70	100	40	40	19.13	18.37	-11.37
1016	100	0	40	40	35.3	-39.03	-11.81
1017	100	20	40	40	30.83	-29.57	-13.7
1018	100	40	40	40	26.63	-20.27	-14.92
1019	100	70	40	40	20.81	-6.25	-16.32
1020	100	100	40	40	16.63	5	-16.75
1021	0	0	70	40	59.61	-4.47	46.84
1022	0	20	70	40	52.13	7.42	39.5
1023	0	40	70	40	45.32	19.04	33.99
1024	0	70	70	40	36.77	35.38	27.3
1025	0	100	70	40	31.23	47.72	22.53
1026	20	0	70	40	53.04	-12.26	36.29
1027	20	20	70	40	46.66	-1.19	30.77
1028	20	40	70	40	40.74	9.83	26.05
1029	20	70	70	40	32.78	25.72	19.62
1030	20	100	70	40	27.14	38.84	14.51
1031	40	0	70	40	47.26	-19.95	27.09
1032	40	20	70	40	41.63	-9.58	22.43
1033	40	40	70	40	36.3	0.88	18.3
1034	40	70	70	40	28.94	16.43	12.46
1035	40	100	70	40	23.46	29.64	7.48
1036	70	0	70	40	39.43	-32.29	14.43
1037	70	20	70	40	34.73	-22.45	10.79
1038	70	40	70	40	30.18	-12.39	7.54
1039	70	70	70	40	23.79	2.54	2.75
1040	70	100	70	40	19.09	15.06	-1.23
1041	100	0	70	40	34.18	-44.58	4.38
1042	100	20	70	40	29.97	-35.17	1.26
1043	100	40	70	40	25.9	-25.19	-1.27
1044	100	70	70	40	20.37	-10.66	-4.81
1045	100	100	70	40	16.46	0.72	-6.68
1046	0	0	100	40	59.65	-4.59	65.39
1047	0	20	100	40	51.87	7.11	56.84
1048	0	40	100	40	45.28	18.28	49.44
1049	0	70	100	40	36.81	34.35	39.04
1050	0	100	100	40	31.3	46.57	30.7
1051	20	0	100	40	52.92	-12.72	53.82
1052	20	20	100	40	46.38	-1.79	46.79
1053	20	40	100	40	40.71	9.04	40.58
1054	20	70	100	40	32.8	24.51	31
1055	20	100	100	40	27.11	37.63	22.82
1056	40	0	100	40	46.9	-20.75	43.3
1057	40	20	100	40	41.4	-10.26	37.32
1058	40	40	100	40	36.25	0	31.75
1059	40	70	100	40	28.88	15.2	22.89
1060	40	100	100	40	23.55	28.14	15.37
1061	70	0	100	40	38.73	-33.67	28.45
1062	70	20	100	40	34.29	-23.98	23.75
1063	70	40	100	40	29.9	-14.19	19
1064	70	70	100	40	23.68	0.74	12.03
1065	70	100	100	40	19.07	13.14	6.31
1066	100	0	100	40	33.47	-47.45	16.88
1067	100	20	100	40	29.26	-37.8	12.73
1068	100	40	100	40	25.49	-27.94	8.69
1069	100	70	100	40	20.17	-12.91	3.93
1070	100	100	100	40	16.63	-1.53	0.66
1071	0	0	0	60	46.43	0.01	-3.5
1072	0	20	0	60	40.13	9.26	-4.51
1073	0	40	0	60	34.96	17.85	-4.88
1074	0	70	0	60	28	31.07	-4.16
1075	0	100	0	60	23.46	41.37	-2.42
1076	20	0	0	60	41.53	-4.77	-9.3
1077	20	20	0	60	36.52	3.73	-10.01
1078	20	40	0	60	31.77	11.96	-9.9
1079	20	70	0	60	25.1	24.55	-9.11
1080	20	100	0	60	20.46	34.97	-7.74
1081	40	0	0	60	37.42	-9.34	-14.88
1082	40	20	0	60	32.99	-1.27	-15.02
1083	40	40	0	60	28.71	6.84	-14.52
1084	40	70	0	60	22.58	18.7	-13.83
1085	40	100	0	60	17.91	28.85	-12.99
1086	70	0	0	60	31.75	-15.95	-22.49
1087	70	20	0	60	27.77	-8.33	-22.24
1088	70	40	0	60	24.29	-0.92	-21.56
1089	70	70	0	60	18.83	10.08	-20.37
1090	70	100	0	60	15.06	18.97	-19.02
1091	100	0	0	60	28.17	-21.44	-28.32
1092	100	20	0	60	24.59	-13.93	-27.86
1093	100	40	0	60	21.19	-7.06	-26.94
1094	100	70	0	60	16.54	2.86	-24.87
1095	100	100	0	60	13.54	9.9	-22.93
1096	0	0	20	60	45.56	-1.84	8.55
1097	0	20	20	60	39.84	7.52	5.84
1098	0	40	20	60	34.71	16.29	4.55
1099	0	70	20	60	28.02	29.3	3.64
1100	0	100	20	60	23.68	39.45	3.96
1101	20	0	20	60	41.01	-7.14	2.05
1102	20	20	20	60	36.13	1.62	0.3
1103	20	40	20	60	31.51	9.93	-0.66
1104	20	70	20	60	25.17	22.43	-1.57
1105	20	100	20	60	20.64	32.76	-1.75
1106	40	0	20	60	36.85	-12.14	-3.73
1107	40	20	20	60	32.62	-3.98	-4.91
1108	40	40	20	60	28.43	4.05	-5.54
1109	40	70	20	60	22.47	16.03	-6.35
1110	40	100	20	60	18.04	26.16	-6.63
1111	70	0	20	60	31.16	-19.84	-12.03
1112	70	20	20	60	27.39	-12.01	-12.57
1113	70	40	20	60	23.79	-4.44	-12.87
1114	70	70	20	60	18.67	6.8	-12.92
1115	70	100	20	60	15.14	15.77	-12.62
1116	100	0	20	60	27.45	-26.55	-18.33
1117	100	20	20	60	23.96	-18.79	-18.69
1118	100	40	20	60	20.81	-11.44	-18.56
1119	100	70	20	60	16.63	-1.26	-17.74
1120	100	100	20	60	13.72	5.96	-16.42
1121	0	0	40	60	45.19	-2.98	19.21
1122	0	20	40	60	39.49	6.19	15.66
1123	0	40	40	60	34.5	15.11	13.33
1124	0	70	40	60	28.04	27.88	10.82
1125	0	100	40	60	23.5	37.67	9.59
1126	20	0	40	60	40.67	-8.58	12.49
1127	20	20	40	60	35.69	0.1	9.81
1128	20	40	40	60	31.21	8.55	7.95
1129	20	70	40	60	25.13	20.86	5.51
1130	20	100	40	60	20.62	30.84	3.97
1131	40	0	40	60	36.43	-14	6.17
1132	40	20	40	60	32.18	-5.94	4.12
1133	40	40	40	60	28.15	2.22	2.64
1134	40	70	40	60	22.37	14.18	0.76
1135	40	100	40	60	18.08	23.96	-1.01
1136	70	0	40	60	30.68	-22.55	-2.5
1137	70	20	40	60	26.97	-14.69	-3.9
1138	70	40	40	60	23.4	-6.77	-4.95
1139	70	70	40	60	18.55	4.51	-6.12
1140	70	100	40	60	15.41	13.06	-6.95
1141	100	0	40	60	26.79	-30.43	-9.38
1142	100	20	40	60	23.46	-22.29	-10.42
1143	100	40	40	60	20.53	-14.89	-10.98
1144	100	70	40	60	16.5	-4.44	-11.17
1145	100	100	40	60	13.8	3.28	-10.63
1146	0	0	70	60	44.94	-4.12	35.71
1147	0	20	70	60	39.44	5.13	30.48
1148	0	40	70	60	34.4	13.94	26.5
1149	0	70	70	60	27.84	26.31	21.34
1150	0	100	70	60	23.79	35.7	17.58
1151	20	0	70	60	40.21	-10.09	27.91
1152	20	20	70	60	35.5	-1.4	24.01
1153	20	40	70	60	31.05	6.98	20.51
1154	20	70	70	60	25.04	19.17	15.76
1155	20	100	70	60	20.87	28.63	11.7
1156	40	0	70	60	36.02	-15.97	20.88
1157	40	20	70	60	31.75	-7.71	17.63
1158	40	40	70	60	27.81	0.38	14.63
1159	40	70	70	60	22.3	12.24	10.39
1160	40	100	70	60	18.42	21.41	6.64
1161	70	0	70	60	30.04	-25.42	11.16
1162	70	20	70	60	26.44	-17.41	8.51
1163	70	40	70	60	23.16	-9.54	6.28
1164	70	70	70	60	18.58	1.89	3.24
1165	70	100	70	60	15.53	10.26	0.48
1166	100	0	70	60	26.12	-34.52	3.35
1167	100	20	70	60	22.93	-26.38	1.14
1168	100	40	70	60	20.04	-18.49	-0.5
1169	100	70	70	60	16.34	-7.54	-2.33
1170	100	100	70	60	13.95	0.17	-3.11
1171	0	0	100	60	45.39	-4.33	49.77
1172	0	20	100	60	39.39	4.82	43.23
1173	0	40	100	60	34.37	13.23	37.48
1174	0	70	100	60	27.96	25.36	29.25
1175	0	100	100	60	23.83	34.49	22.75
1176	20	0	100	60	40.33	-10.61	41.17
1177	20	20	100	60	35.39	-1.93	35.77
1178	20	40	100	60	31.08	6.3	30.86
1179	20	70	100	60	25.12	17.99	23.37
1180	20	100	100	60	20.99	27.48	16.83
1181	40	0	100	60	35.86	-16.73	33.34
1182	40	20	100	60	31.57	-8.31	28.51
1183	40	40	100	60	27.76	-0.34	24.31
1184	40	70	100	60	22.34	11.16	17.2
1185	40	100	100	60	18.46	20.04	11.63
1186	70	0	100	60	29.53	-26.47	21.44
1187	70	20	100	60	26.25	-18.56	17.92
1188	70	40	100	60	23.1	-10.89	14.54
1189	70	70	100	60	18.62	0.23	9.49
1190	70	100	100	60	15.8	8.6	5.56
1191	100	0	100	60	25.59	-36.46	12.31
1192	100	20	100	60	22.43	-28.06	9.26
1193	100	40	100	60	19.76	-20.19	6.56
1194	100	70	100	60	16.33	-9.03	3.51
1195	100	100	100	60	14.3	-1.2	1.63
1196	0	0	0	80	30.56	-0.24	-2.09
1197	0	40	0	80	23.13	12.33	-2.6
1198	0	70	0	80	18.75	21.61	-1.48
1199	0	100	0	80	16.25	27.47	0.34
1200	40	0	0	80	24.59	-6.76	-10.1
1201	40	40	0	80	19.15	4.66	-9.14
1202	40	70	0	80	15.38	13.25	-8.05
1203	40	100	0	80	13.01	19	-6.69
1204	70	0	0	80	21.05	-11.41	-15.58
1205	70	40	0	80	16.48	-0.39	-14.02
1206	70	70	0	80	13.39	7.42	-12.25
1207	70	100	0	80	11.45	12.27	-10.64
1208	100	0	0	80	19.02	-14.65	-19.37
1209	100	40	0	80	14.75	-3.86	-17.64
1210	100	70	0	80	12.2	3.1	-15.06
1211	100	100	0	80	10.82	7.06	-13.02
1212	0	0	40	80	29.91	-2.59	13.04
1213	0	40	40	80	23.09	9.86	9.79
1214	0	70	40	80	19.1	18.7	8.53
1215	0	100	40	80	16.67	24.21	7.85
1216	40	0	40	80	24.29	-10.11	4.15
1217	40	40	40	80	19.18	1.29	2.86
1218	40	70	40	80	15.67	9.26	1.97
1219	40	100	40	80	13.49	14.55	1.21
1220	70	0	40	80	20.63	-15.93	-1.73
1221	70	40	40	80	16.28	-4.53	-2.29
1222	70	70	40	80	13.61	3.03	-2.22
1223	70	100	40	80	12.1	7.51	-2.28
1224	100	0	40	80	18.54	-20.52	-6.11
1225	100	40	40	80	14.82	-8.98	-6.18
1226	100	70	40	80	12.63	-1.79	-5.41
1227	100	100	40	80	11.46	2.33	-4.39
1228	0	0	70	80	29.98	-3.55	23.88
1229	0	40	70	80	23.34	8.68	18.27
1230	0	70	70	80	19.22	17	14.92
1231	0	100	70	80	17.1	22.3	12.59
1232	40	0	70	80	24.29	-11.63	14.18
1233	40	40	70	80	19.15	-0.36	10.53
1234	40	70	70	80	15.89	7.47	8.05
1235	40	100	70	80	13.95	12.43	5.88
1236	70	0	70	80	20.47	-17.93	7.59
1237	70	40	70	80	16.4	-6.5	5.14
1238	70	70	70	80	13.83	0.99	3.48
1239	70	100	70	80	12.45	5.6	2.26
1240	100	0	70	80	18.34	-23.13	2.59
1241	100	40	70	80	14.76	-10.99	0.79
1242	100	70	70	80	12.82	-3.94	0.29
1243	100	100	70	80	11.88	0.29	0.38
1244	0	0	100	80	30.38	-3.77	32.25
1245	0	40	100	80	23.42	7.94	24.32
1246	0	70	100	80	19.52	16.06	18.89
1247	0	100	100	80	17.16	21.2	14.86
1248	40	0	100	80	24.21	-12.12	21.25
1249	40	40	100	80	19.31	-0.94	15.84
1250	40	70	100	80	16.19	6.47	11.6
1251	40	100	100	80	14.11	11.33	8.42
1252	70	0	100	80	20.28	-18.64	13.6
1253	70	40	100	80	16.57	-7.48	9.79
1254	70	70	100	80	14.13	-0.18	7.06
1255	70	100	100	80	12.84	4.35	5.21
1256	100	0	100	80	17.94	-24.08	7.89
1257	100	40	100	80	14.62	-12.18	4.88
1258	100	70	100	80	12.97	-5.05	3.48
1259	100	100	100	80	12.23	-0.7	2.85
1260	0	0	0	100	11.69	-0.48	0.59
1261	0	40	0	100	9.86	5.83	1.78
1262	0	100	0	100	9.94	10.23	4.07
1263	40	0	0	100	10.24	-3.73	-3.5
1264	40	40	0	100	9.11	2.71	-1.95
1265	40	100	0	100	9.15	6.6	1.4
1266	100	0	0	100	9.78	-4.32	-6.26
1267	100	40	0	100	9.29	1.18	-4.19
1268	100	100	0	100	8.91	4.23	-0.66
1269	0	0	40	100	12.07	-2.06	5.59
1270	0	40	40	100	10.77	3.49	5.44
1271	0	100	40	100	10.76	7.31	5.88
1272	40	0	40	100	10.92	-5.72	2.05
1273	40	40	40	100	10.01	0.28	2.49
1274	40	100	40	100	10.07	4.08	3.72
1275	100	0	40	100	10.31	-6.82	-0.9
1276	100	40	40	100	9.94	-1.3	0.51
1277	100	100	40	100	9.96	1.85	2.4
1278	0	0	100	100	13.21	-3.29	8.14
1279	0	40	100	100	11.95	1.12	6.97
1280	0	100	100	100	11.7	4.81	7.3
1281	40	0	100	100	11.88	-7.02	5.43
1282	40	40	100	100	11.1	-1.74	4.96
1283	40	100	100	100	10.99	2.08	5.44
1284	100	0	100	100	10.98	-9.39	3.28
1285	100	40	100	100	10.64	-3.35	3.41
1286	100	100	100	100	11.04	0.38	4.48
1287	100	0	0	0	55.39	-35.65	-52.83
1288	98	0	0	0	55.68	-35.41	-52.36
1289	95	0	0	0	56.37	-34.9	-51.56
1290	90	0	0	0	57.36	-33.75	-50.25
1291	85	0	0	0	58.43	-32.29	-48.75
1292	80	0	0	0	59.7	-30.9	-47.15
1293	75	0	0	0	61.01	-29.43	-45.52
1294	70	0	0	0	62.53	-27.64	-43.6
1295	60	0	0	0	66.25	-24.07	-39.32
1296	50	0	0	0	70.2	-19.97	-34.38
1297	40	0	0	0	74.38	-16.39	-29.42
1298	30	0	0	0	78.24	-12.38	-24.98
1299	25	0	0	0	80.73	-10.29	-21.89
1300	20	0	0	0	83.49	-8.18	-18.71
1301	15	0	0	0	85.91	-5.69	-15.77
1302	10	0	0	0	88.55	-3.56	-12.68
1303	7	0	0	0	90.17	-2.21	-10.68
1304	5	0	0	0	91.22	-1.25	-9.32
1305	3	0	0	0	92.32	-0.21	-7.97
1306	2	0	0	0	92.92	0.25	-7.42
1307	0	100	0	0	47.38	76.95	-3.91
1308	0	98	0	0	47.77	76.3	-4.48
1309	0	95	0	0	48.51	74.99	-5.24
1310	0	90	0	0	49.73	72.52	-5.88
1311	0	85	0	0	51.09	69.69	-6.23
1312	0	80	0	0	52.51	66.86	-6.69
1313	0	75	0	0	54.01	63.85	-7.2
1314	0	70	0	0	55.87	60.38	-7.78
1315	0	60	0	0	60.15	52.49	-8.39
1316	0	50	0	0	64.92	44.18	-8.9
1317	0	40	0	0	69.68	36.29	-9.02
1318	0	30	0	0	74.63	28.5	-9.04
1319	0	25	0	0	77.61	24.14	-8.83
1320	0	20	0	0	80.74	19.73	-8.57
1321	0	15	0	0	83.9	15.29	-8.18
1322	0	10	0	0	87.11	10.9	-7.59
1323	0	7	0	0	89.09	8.29	-7.21
1324	0	5	0	0	90.4	6.53	-7
1325	0	3	0	0	91.8	4.65	-6.63
1326	0	2	0	0	92.49	3.7	-6.43
1327	0	0	100	0	88.9	-4.17	95.67
1328	0	0	98	0	88.95	-4.25	94.55
1329	0	0	95	0	89.04	-4.28	92.33
1330	0	0	90	0	89.09	-4.38	88.36
1331	0	0	85	0	89.25	-4.47	84.28
1332	0	0	80	0	89.39	-4.45	80.09
1333	0	0	75	0	89.47	-4.4	75.91
1334	0	0	70	0	89.64	-4.41	71.31
1335	0	0	60	0	90.09	-4.25	61.38
1336	0	0	50	0	90.5	-3.88	50.6
1337	0	0	40	0	91.05	-3.47	40.45
1338	0	0	30	0	91.43	-3.01	30.42
1339	0	0	25	0	91.96	-2.56	24.98
1340	0	0	20	0	92.34	-1.93	18.93
1341	0	0	15	0	92.66	-1.1	12.76
1342	0	0	10	0	93.14	-0.39	7
1343	0	0	7	0	93.4	0.06	3.42
1344	0	0	5	0	93.57	0.43	0.91
1345	0	0	3	0	93.75	0.79	-1.63
1346	0	0	2	0	93.83	1	-2.88
1347	0	0	0	100	11.69	-0.48	0.59
1348	0	0	0	98	13.82	-0.44	0.36
1349	0	0	0	95	17.11	-0.4	-0.16
1350	0	0	0	90	21.98	-0.34	-0.99
1351	0	0	0	85	26.38	-0.3	-1.59
1352	0	0	0	80	30.56	-0.24	-2.09
1353	0	0	0	75	34.66	-0.17	-2.5
1354	0	0	0	70	38.6	-0.12	-2.8
1355	0	0	0	60	46.43	0.01	-3.5
1356	0	0	0	50	54.67	0.14	-4.13
1357	0	0	0	40	61.7	0.32	-4.8
1358	0	0	0	30	68.75	0.52	-5.41
1359	0	0	0	25	72.63	0.65	-5.47
1360	0	0	0	20	76.79	0.79	-5.55
1361	0	0	0	15	81.04	0.93	-5.56
1362	0	0	0	10	85.13	1.11	-5.6
1363	0	0	0	7	87.66	1.23	-5.63
1364	0	0	0	5	89.34	1.31	-5.64
1365	0	0	0	3	91.14	1.43	-5.69
1366	0	0	0	2	92.03	1.45	-5.71
1367	0	0	0	0	93.99	1.52	-5.66
1368	100	85	85	0	25.12	-8.7	-3.78
1369	80	65	65	0	33.93	-6.07	-4.03
1370	60	45	45	0	45.91	-3.87	-4.85
1371	40	27	27	0	59.6	-2.02	-5.46
1372	20	12	12	0	75.71	-0.75	-6.68
1373	10	6	6	0	84.21	0.57	-6.44
1374	5	3	3	0	88.95	1.07	-6.24
1375	40	27	27	10	54.58	-2.12	-4.84
1376	20	12	12	10	69	-0.93	-6.2
1377	10	6	6	10	76.53	0.25	-6.11
1378	60	45	45	20	38.34	-3.22	-3.23
1379	40	27	27	20	49.7	-2.18	-4.3
1380	20	12	12	20	62.49	-1.01	-5.73
1381	10	6	6	20	69.18	0.08	-5.7
1382	80	65	65	40	23.42	-4.12	-1.28
1383	60	45	45	40	31.29	-2.64	-1.89
1384	40	27	27	40	40.68	-2.06	-3.02
1385	20	12	12	40	50.66	-1.11	-4.44
1386	10	6	6	40	55.79	-0.19	-4.46
1387	100	85	85	60	14.93	-3.88	0.44
1388	80	65	65	60	18.33	-3.16	0.12
1389	60	45	45	60	23.95	-1.94	-0.65
1390	40	27	27	60	30.93	-1.72	-1.83
1391	20	12	12	60	38.2	-1.03	-3.31
1392	10	6	6	60	41.96	-0.33	-3.51
1393	100	85	85	80	12.41	-2.33	2.35
1394	80	65	65	80	13.68	-1.65	1.7
1395	60	45	45	80	16.67	-1.63	0.68
1396	40	27	27	80	20.77	-1.33	-0.46
1397	20	12	12	80	25.29	-0.94	-1.9
1398	10	6	6	80	27.69	-0.49	-2.15
1399	100	85	85	100	10.7	0.01	4.03
1400	80	65	65	100	10.08	-0.12	3.11
1401	60	45	45	100	9.78	-0.43	1.89
1402	40	27	27	100	10.01	-0.65	1.01
1403	20	12	12	100	10.69	-0.88	0.27
1404	10	6	6	100	11.16	-0.68	0.29
1405	100	0	0	70	23.5	-18.28	-24.05
1406	0	100	0	70	19.74	34.53	-0.87
1407	0	0	100	70	38.04	-4.07	41.7
1408	100	100	0	70	12.08	8.44	-17.88
1409	100	0	100	70	21.62	-30.69	10.24
1410	0	100	100	70	20.31	28.21	18.63
1411	40	40	0	70	23.85	5.76	-11.96
1412	40	0	40	70	30.36	-12.2	5.25
1413	0	40	40	70	28.74	12.56	11.63
1414	3	3	0	0	90.28	2.67	-8.65
1415	3	0	3	0	92.09	-0.87	-4.06
1416	0	3	3	0	91.59	3.84	-2.77
1417	3	3	3	0	90	2.17	-5.05
1418	3	0	0	3	89.58	-0.37	-7.86
1419	0	3	0	3	89.11	4.38	-6.29
1420	3	3	0	3	87.51	2.66	-8.79
1421	0	0	3	3	90.96	0.77	-1.7
1422	3	0	3	3	89.34	-0.98	-4.05
1423	0	3	3	3	88.87	3.8	-2.77
1424	3	3	3	3	87.29	2.02	-5.01
1425	7	7	0	0	85.53	4.3	-12.04
1426	7	0	7	0	89.51	-3.71	-1.84
1427	0	7	7	0	88.6	6.77	1.31
1428	7	7	7	0	85.02	2.82	-3.64
1429	7	0	0	7	84.21	-2.25	-10.05
1430	0	7	0	7	83.26	7.45	-6.77
1431	7	7	0	7	79.94	3.72	-11.35
1432	0	0	7	7	87.17	-0.02	2.81
1433	7	0	7	7	83.62	-3.62	-1.91
1434	0	7	7	7	82.78	6.07	0.95
1435	7	7	7	7	79.49	2.38	-3.64
1436	40	3	0	0	72.83	-13.93	-29.74
1437	3	40	0	0	68.62	33.97	-10.64
1438	40	0	3	0	74.04	-17.28	-25.85
1439	40	3	3	0	72.54	-14.98	-26.2
1440	0	40	3	0	69.65	35.8	-6.28
1441	3	40	3	0	68.5	33.65	-8.16
1442	40	40	3	0	55.54	12.25	-26.73
1443	3	0	40	0	89.38	-5.41	37.83
1444	0	3	40	0	89.04	-0.42	38.43
1445	3	3	40	0	87.43	-2.34	36.06
1446	40	3	40	0	69.67	-22.56	10.89
1447	3	40	40	0	67.3	29.8	22.27
1448	40	0	0	3	72.35	-16.12	-28.46
1449	40	3	0	3	70.75	-13.53	-29
1450	0	40	0	3	67.79	35.04	-8.82
1451	3	40	0	3	66.66	32.97	-10.72
1452	40	40	0	3	54.14	12.78	-28.59
1453	40	0	3	3	72.05	-17.12	-24.88
1454	40	3	3	3	70.52	-14.56	-25.46
1455	0	40	3	3	67.73	34.58	-6.09
1456	3	40	3	3	66.59	32.47	-8.06
1457	40	40	3	3	54.04	11.9	-26
1458	0	0	40	3	88.37	-3.39	38.88
1459	3	0	40	3	86.78	-5.46	36.48
1460	40	0	40	3	69.21	-24.5	11.59
1461	0	3	40	3	86.43	-0.46	37.02
1462	3	3	40	3	84.85	-2.34	34.69
1463	40	3	40	3	67.78	-21.94	10.43
1464	0	40	40	3	66.61	30.93	23.61
1465	3	40	40	3	65.4	28.69	21.51
1466	40	40	40	3	52.49	5.56	1.72
1467	3	0	0	40	60.74	-0.67	-5.41
1468	0	3	0	40	60.4	2.43	-4.56
1469	3	3	0	40	59.44	1.23	-6.02
1470	40	3	0	40	48.74	-10.04	-19.74
1471	3	40	0	40	45.79	22.07	-7.66
1472	0	0	3	40	61.59	0.02	-1.46
1473	3	0	3	40	60.61	-1.16	-2.93
1474	40	0	3	40	49.56	-12.4	-17.02
1475	0	3	3	40	60.28	1.93	-2.17
1476	3	3	3	40	59.32	0.76	-3.6
1477	40	3	3	40	48.63	-10.76	-17.4
1478	0	40	3	40	46.42	22.96	-4.55
1479	3	40	3	40	45.76	21.65	-5.76
1480	40	40	3	40	37.83	8.08	-17.51
1481	3	0	40	40	59.26	-4.72	23.94
1482	0	3	40	40	58.98	-1.5	24.4
1483	3	3	40	40	58.05	-2.7	22.9
1484	40	3	40	40	47.15	-15.96	7.27
1485	3	40	40	40	45.02	18.83	15.62
1486	0	0	0	10	85.13	1.11	-5.6
1487	0	0	10	10	84.41	-0.55	5.84
1488	0	0	20	10	83.74	-1.86	16.36
1489	0	0	40	10	82.65	-3.46	35.88
1490	0	0	70	10	81.47	-4.55	64.43
1491	0	10	0	10	79.11	9.45	-7.12
1492	0	10	10	10	78.49	7.66	3.44
1493	0	10	20	10	77.87	6.74	13
1494	0	10	40	10	77	4.83	31.34
1495	0	10	70	10	76	3.69	58.29
1496	0	20	0	10	73.53	17.26	-7.83
1497	0	20	10	10	73.02	15.6	1.81
1498	0	20	20	10	72.4	14.7	10.5
1499	0	20	40	10	71.77	12.98	27.74
1500	0	20	70	10	70.91	11.76	53.4
1501	0	40	0	10	63.48	32.57	-8.5
1502	0	40	10	10	63.2	31.12	-0.4
1503	0	40	20	10	62.89	30.04	7.34
1504	0	40	40	10	62.4	28.61	22.09
1505	0	40	70	10	61.73	27.25	45.06
1506	0	70	0	10	50.91	54.58	-7.44
1507	0	70	10	10	50.76	53.74	-1.11
1508	0	70	20	10	50.56	52.61	4.77
1509	0	70	40	10	50.45	51.03	16.75
1510	0	70	70	10	50.26	49.47	35.73
1511	10	0	0	10	80.36	-3.51	-11.63
1512	10	0	10	10	79.58	-5.5	-0.37
1513	10	0	20	10	78.93	-7.01	9.98
1514	10	0	40	10	77.82	-8.93	29.04
1515	10	0	70	10	76.61	-10.27	56.3
1516	10	10	0	10	74.74	4.37	-12.91
1517	10	10	10	10	74.09	2.59	-2.57
1518	10	10	20	10	73.56	1.18	6.94
1519	10	10	40	10	72.52	-0.77	24.87
1520	10	10	70	10	71.48	-2.29	51.15
1521	10	20	0	10	69.6	11.99	-13.4
1522	10	20	10	10	69.07	10.1	-3.86
1523	10	20	20	10	68.56	8.88	4.92
1524	10	20	40	10	67.64	6.94	21.67
1525	10	20	70	10	66.76	5.33	46.68
1526	10	40	0	10	60.14	26.8	-13.6
1527	10	40	10	10	59.84	25.23	-5.58
1528	10	40	20	10	59.47	23.94	1.99
1529	10	40	40	10	58.84	22.24	16.44
1530	10	40	70	10	58.17	20.53	39
1531	10	70	0	10	47.93	48.58	-12.79
1532	10	70	10	10	47.77	47.31	-6.54
1533	10	70	20	10	47.57	46.28	-0.59
1534	10	70	40	10	47.42	44.57	11.31
1535	10	70	70	10	47.07	42.55	30.14
1536	20	0	0	10	75.9	-7.65	-16.92
1537	20	0	10	10	75.05	-9.8	-5.97
1538	20	0	20	10	74.42	-11.57	4.15
1539	20	0	40	10	73.21	-13.58	22.6
1540	20	0	70	10	71.89	-15.52	49.02
1541	20	10	0	10	70.65	0.15	-18.06
1542	20	10	10	10	70.06	-2.12	-7.76
1543	20	10	20	10	69.47	-3.62	1.48
1544	20	10	40	10	68.31	-5.95	18.77
1545	20	10	70	10	67.18	-7.74	44.59
1546	20	20	0	10	65.81	7.37	-18.31
1547	20	20	10	10	65.33	5.33	-8.89
1548	20	20	20	10	64.81	3.79	-0.23
1549	20	20	40	10	63.78	1.68	16.07
1550	20	20	70	10	62.89	-0.36	40.62
1551	20	40	0	10	56.94	21.5	-18.25
1552	20	40	10	10	56.54	19.7	-10.28
1553	20	40	20	10	56.17	18.35	-2.77
1554	20	40	40	10	55.49	16.4	11.45
1555	20	40	70	10	54.87	14.3	33.56
1556	20	70	0	10	45.08	43.01	-17.3
1557	20	70	10	10	44.88	41.61	-11.06
1558	20	70	20	10	44.77	40.37	-5.31
1559	20	70	40	10	44.57	38.25	6.36
1560	20	70	70	10	44.15	36.13	24.82
1561	40	0	0	10	67.82	-15.35	-26.6
1562	40	0	10	10	66.87	-18.05	-16.24
1563	40	0	20	10	66.2	-20.28	-6.72
1564	40	0	40	10	64.97	-23.15	10.78
1565	40	0	70	10	63.65	-26	36.29
1566	40	10	0	10	63.24	-8.18	-27.24
1567	40	10	10	10	62.52	-10.98	-17.44
1568	40	10	20	10	61.83	-12.92	-8.63
1569	40	10	40	10	60.78	-15.94	8.05
1570	40	10	70	10	59.68	-18.87	32.52
1571	40	20	0	10	58.98	-1.42	-27.27
1572	40	20	10	10	58.38	-4.07	-18.28
1573	40	20	20	10	57.83	-6.04	-9.76
1574	40	20	40	10	56.88	-9.11	5.68
1575	40	20	70	10	55.86	-11.85	29.14
1576	40	40	0	10	50.93	11.81	-26.71
1577	40	40	10	10	50.52	9.5	-19.09
1578	40	40	20	10	50.05	7.83	-11.82
1579	40	40	40	10	49.37	4.99	1.87
1580	40	40	70	10	48.66	2.18	22.94
1581	40	70	0	10	39.98	32.33	-25.86
1582	40	70	10	10	39.74	30.65	-19.82
1583	40	70	20	10	39.52	29.08	-14.12
1584	40	70	40	10	39.15	26.55	-2.59
1585	40	70	70	10	38.77	23.62	14.96
1586	70	0	0	10	57.15	-25.98	-39.62
1587	70	0	10	10	56.28	-29.98	-29.98
1588	70	0	20	10	55.55	-33.19	-21.05
1589	70	0	40	10	54.32	-37.88	-4.46
1590	70	0	70	10	52.89	-42.76	19.21
1591	70	10	0	10	53.49	-19.57	-39.66
1592	70	10	10	10	52.76	-23.55	-30.44
1593	70	10	20	10	52.09	-26.7	-22.11
1594	70	10	40	10	51.03	-31.54	-6.45
1595	70	10	70	10	49.63	-36.29	16.33
1596	70	20	0	10	49.92	-13.79	-39.23
1597	70	20	10	10	49.33	-17.41	-30.63
1598	70	20	20	10	48.79	-20.47	-22.69
1599	70	20	40	10	47.75	-25.1	-7.94
1600	70	20	70	10	46.53	-29.89	13.85
1601	70	40	0	10	43.14	-2.08	-38.43
1602	70	40	10	10	42.65	-5.24	-30.99
1603	70	40	20	10	42.19	-7.93	-23.94
1604	70	40	40	10	41.37	-12.23	-10.79
1605	70	40	70	10	40.52	-16.89	9.13
1606	70	70	0	10	32.94	17.17	-37.24
1607	70	70	10	10	32.8	14.4	-31.38
1608	70	70	20	10	32.59	11.99	-25.73
1609	70	70	40	10	32.2	8.14	-14.59
1610	70	70	70	10	31.62	3.9	2.01
1611	50	40	40	0	50.91	-0.37	-3.19
1612	100	0	0	10	50.71	-33.62	-48.29
1613	0	100	0	10	43.02	70.58	-4.42
1614	0	0	100	10	80.99	-4.58	87.75
1615	0	100	100	10	42.91	64.37	43.62
1616	100	0	100	10	44.89	-62.58	23.74
1617	100	100	0	10	21.3	19.65	-43.66
END_DATA