ISO28178
FILE_DESCRIPTOR	"FOGRA53"
ORIGINATOR	"Fogra. www.fogra.org"
CREATED	"July 2017"
TARGET_TYPE	"ISO12642-2"
INSTRUMENTATION	"D50. 2 degree. geometry 45/0. no polarisation filter. white backing. according to ISO 13655:2009 M1"
PRINT_CONDITIONS	"Large gamut Colour Exchange Space"
ILLUMINATION_NAME	"D50"
OBSERVER_ANGLE	"2"
FILTER	"M1"
WEIGHTING_FUNCTION	"ILLUMINANT. D50"
WEIGHTING_FUNCTION	"OBSERVER. 2 degree"

# The following flag is intended to improve compatibility with legacy devices.
KEYWORD	"TRACEABILITY"
TRACEABILITY	"NIST"

NUMBER_OF_FIELDS	8
BEGIN_DATA_FORMAT
SAMPLE_ID	CMYK_C	CMYK_M	CMYK_Y	CMYK_K	LAB_L	LAB_A	LAB_B
END_DATA_FORMAT
NUMBER_OF_SETS	1617
BEGIN_DATA
1585	85	55	85	0	38.904	-32.261	10.537	0.095
1552	20	20	70	60	43.5	-6.627	36.083	0.012
1519	30	55	10	0	66.032	23.181	-26.698	0.391
1486	0	20	70	40	61.837	-0.206	53.2	0.036
1453	0	25	0	0	88.527	14.761	-11.987	0.583
1420	20	85	20	0	54.327	51.23	-17.347	0.254
1387	100	55	30	0	37.223	-12.68	-43.226	0.147
1354	10	85	70	0	55.057	46.158	30.736	0.109
1321	40	100	40	40	25.799	35.102	-6.429	0.094
1288	0	10	10	10	88.993	1.596	4.828	0.385
1255	10	20	0	20	79.136	5.019	-8.61	0.443
1222	20	40	70	0	70.997	3.697	40.091	0.138
1189	40	40	0	70	31.912	2.601	-8.539	0.06
1156	0	30	10	0	85.508	15.932	-3.143	0.471
1123	70	10	40	10	62.049	-48.44	-3.347	0.152
1090	70	0	0	40	52.251	-29.43	-21.7	0.164
1057	20	100	70	40	30.311	40.975	15.006	0.091
1024	10	20	20	10	84.076	0.918	6.838	0.347
991	0	100	20	60	27.741	40.658	2.102	0.069
958	40	100	85	0	32.802	35.275	24.329	0.042
925	85	30	70	0	46.4	-50.484	6.885	0.089
892	40	70	100	0	47.89	8.872	48.187	0.061
859	85	55	70	0	41.726	-28.156	-2.597	0.117
826	20	10	100	20	69.906	-13.046	79.887	0.014
793	70	55	10	0	51.714	4.914	-45.743	0.305
760	20	20	70	20	70.359	-11.774	50.442	0.121
727	70	70	0	80	17.697	5.935	-16.511	0.079
694	20	0	10	20	80.155	-12.612	2.374	0.376
661	20	70	10	20	57.034	35.951	-19.047	0.248
628	0	0	100	0	89.037	-7.645	107.3	0.008
595	100	20	100	40	28.571	-46.092	19.541	0.009
562	55	30	10	0	67.457	-11.63	-31.873	0.342
529	70	70	70	60	24.886	-5.328	3.152	0.06
496	0	20	20	0	88.514	7.2	9.831	0.346
463	70	70	0	0	47.573	22.599	-55.395	0.332
430	100	40	0	40	32.923	-9.072	-42.137	0.112
397	0	10	70	20	78.516	-5.414	65.04	0.04
364	20	30	70	0	74.958	-4.602	44.479	0.127
331	70	85	20	0	37.155	24.447	-40.106	0.18
298	40	55	40	0	62.281	7.898	-6.815	0.22
265	40	100	100	80	16.241	13.32	9.648	0.038
232	20	55	100	0	61.57	15.814	69.01	0.038
199	70	70	100	20	33.917	-12.274	26.47	0.058
166	40	0	3	3	82.81	-22.35	-19.466	0.42
133	10	20	85	0	80.504	-4.414	73.801	0.037
100	20	30	55	0	77.184	-2.941	31.249	0.197
67	100	100	40	20	19.574	13.167	-35.709	0.079
34	0	100	100	70	23.639	31.779	21.463	0.024
1	100	10	100	0	43.016	-70.423	30.067	0.029
1586	100	40	100	0	32.681	-48.839	19.09	0.057
1553	40	40	10	10	66.292	4.65	-25.146	0.37
1520	40	3	40	40	57.548	-25.33	17.697	0.096
1487	20	0	20	20	78.763	-15.196	11.53	0.241
1454	0	70	0	20	61.417	45.464	-18.712	0.294
1421	60	45	45	40	42.639	-11.588	-4.828	0.108
1388	40	70	70	0	51.476	11.254	19.082	0.104
1355	0	20	40	20	77.404	1.465	34.366	0.151
1322	85	85	20	0	31.523	20.006	-47.009	0.154
1289	20	0	0	60	49.778	-6.746	1.64	0.11
1256	40	0	40	100	17.319	-8.521	9.424	0.021
1223	10	55	0	0	73.304	34.784	-25.484	0.471
1190	70	20	100	40	38.197	-35.457	36.355	0.03
1157	30	40	85	0	65.141	-5.005	51.682	0.032
1124	7	7	7	0	93.608	-2.141	-3.52	0.563
1091	85	85	40	0	30.819	7.456	-31.927	0.163
1058	20	10	0	10	84.919	-4.087	-13.28	0.464
1025	0	20	20	20	79.375	4.052	14.466	0.272
992	0	30	0	0	86.502	18.148	-13.533	0.599
959	20	20	100	60	42.363	-4	48.569	0.051
926	10	100	70	20	41.341	54.863	23.796	0.059
893	70	0	40	10	65.031	-54.742	1.106	0.155
860	20	20	40	10	79.881	-8.267	21.229	0.245
827	10	40	0	10	77.577	20.528	-18.044	0.467
794	10	100	0	20	44.598	64.724	-18.155	0.193
761	40	40	100	80	24.465	-3.657	23.304	0.029
728	100	10	20	0	53.188	-39.155	-41.257	0.096
695	0	20	100	60	45.812	1.765	54.642	0.032
662	100	70	0	80	13.043	0.412	-23.232	0.049
629	30	55	100	0	57.366	7.825	63.048	0.047
596	10	30	55	0	80.167	3.349	37.106	0.19
563	20	20	70	10	75.186	-11.742	51.501	0.076
530	0	100	20	0	51.174	72.364	-4.193	0.187
497	70	70	40	60	23.531	0.634	-9.659	0.032
464	70	10	70	0	59.843	-59.803	24.966	0.119
431	70	70	20	60	23.386	4.527	-17.818	0.026
398	0	70	40	0	66.525	42.363	12.798	0.243
365	70	0	10	20	63.934	-38.635	-22.891	0.194
332	0	40	40	40	57.902	11.224	24.088	0.066
299	20	20	20	40	62.115	-4.664	7.555	0.155
266	85	10	40	0	57.766	-52.872	-15.187	0.192
233	10	0	85	0	86.605	-17.223	81.118	0.074
200	20	70	10	10	60.29	39.545	-22.795	0.297
167	20	20	40	40	60.757	-7.285	21.878	0.111
134	100	70	100	20	25.087	-25.821	8.543	0.032
101	85	30	30	0	52.488	-29.482	-31.826	0.165
68	10	40	70	0	74.139	10.788	46.439	0.165
35	70	10	10	20	60.907	-32.255	-26.468	0.222
2	40	40	0	60	37.291	2.837	-11.505	0.115
1587	55	70	100	0	42.683	-3.059	39.399	0.038
1554	0	0	0	98	21.016	-0.456	7.435	0.033
1521	20	55	30	0	68.869	22.423	-4.551	0.381
1488	20	0	70	60	45.639	-13.195	41.056	0.067
1455	40	85	10	0	47.536	44.207	-35.453	0.302
1422	85	85	85	0	34.38	-11.283	3.015	0.048
1389	3	0	3	40	68.8	-2.736	5.405	0.244
1356	70	100	0	0	32.484	47.533	-53.756	0.255
1323	40	20	70	10	67.306	-28.187	38.094	0.078
1290	85	40	30	0	49.001	-20.977	-34.39	0.192
1257	100	10	0	0	55.251	-25.415	-55.954	0.177
1224	20	85	40	0	53.827	44.241	-1.8	0.21
1191	85	10	20	0	60.132	-41.334	-32.991	0.255
1158	100	0	40	20	48.727	-54.987	-18.998	0.131
1125	100	30	20	0	46.896	-23.825	-46.953	0.175
1092	20	0	40	60	47.36	-12.015	25.251	0.078
1059	0	70	10	10	64.916	46.369	-13.038	0.366
1026	0	70	100	0	63.993	40.627	75.067	0.018
993	0	3	0	0	96.331	0.946	-5.019	0.638
960	30	70	30	0	58.494	29.818	-13.324	0.231
927	20	12	12	100	18.515	-2.282	6.596	0.05
894	10	20	0	10	84.712	6.111	-12.055	0.486
861	100	100	100	20	19.256	-8.627	2.636	0.051
828	85	20	0	0	58.592	-21.824	-52.979	0.235
795	40	100	100	100	11.188	6.049	1.945	0.039
762	30	0	10	0	86.289	-18.966	-7.923	0.413
729	100	40	100	40	24.434	-36.101	13.027	0.024
696	40	40	70	40	47.848	-9.43	23.68	0.072
663	30	20	40	0	79.129	-14.475	13.053	0.258
630	70	55	55	0	50.146	-15.559	-9.604	0.163
597	0	100	70	80	19.955	27.502	12.931	0.012
564	0	10	10	20	82.863	0.901	7.368	0.327
531	30	40	30	0	72.626	5.763	-6.725	0.324
498	100	100	0	60	13.414	14.546	-33.271	0.029
465	100	40	20	0	43.473	-16.637	-48.367	0.136
432	0	70	20	10	64.734	44.015	-4.799	0.332
399	0	0	100	100	21.513	-0.509	19.858	0.027
366	10	40	20	10	76.163	15.479	0.398	0.323
333	0	0	95	0	89.68	-8.963	99.389	0.005
300	70	70	20	10	42.651	10.893	-37.236	0.181
267	20	0	70	20	74.064	-23.651	58.954	0.047
234	40	100	100	60	21.261	19.056	18.466	0.042
201	40	85	30	0	46.491	36.14	-20.212	0.201
168	0	0	0	70	45.56	-0.799	7.538	0.083
135	10	20	0	0	87.8	7.55	-15.103	0.559
102	40	40	0	3	68.438	9.523	-35.386	0.369
69	0	0	20	40	68.578	-4.515	20.265	0.184
36	100	20	0	40	37.403	-19.983	-38.533	0.143
3	10	40	100	0	71.613	12.244	82.059	0.019
1588	40	20	70	40	51.642	-21.337	31.123	0.042
1555	70	20	20	0	63.418	-31.563	-27.379	0.23
1522	0	0	0	80	37.518	-0.787	7.928	0.032
1489	0	0	98	0	89.135	-8.451	101.9	0.012
1456	100	0	0	100	11.635	-12.382	-8.674	0.025
1423	40	10	70	0	72.838	-36.63	42.131	0.107
1390	100	100	55	0	20.806	7.576	-28.735	0.045
1357	20	100	70	20	36.985	49.242	18.585	0.07
1324	0	40	0	3	81.255	25.12	-16.473	0.494
1291	55	85	55	0	40.052	16.51	-6.668	0.131
1258	40	20	10	10	74.487	-10.928	-17.365	0.361
1225	20	100	20	60	24.14	36.698	-3.327	0.097
1192	70	40	40	40	40.333	-17.912	-10.81	0.086
1159	40	100	55	0	33.759	41.629	-0.955	0.089
1126	100	30	70	0	39.521	-51.616	-6.507	0.08
1093	40	100	10	0	37.563	57.517	-32.354	0.163
1060	0	100	40	80	19.678	29.693	6.584	0.015
1027	75	0	0	0	70.459	-36.275	-41.019	0.336
994	30	10	55	0	79.689	-24.89	32.588	0.186
961	20	20	0	20	76.262	1.445	-12.652	0.385
928	85	20	20	0	56.485	-34.067	-36.191	0.179
895	20	70	100	0	56.187	25.989	60.916	0.041
862	0	90	0	0	57.29	69.282	-22.58	0.346
829	40	20	0	60	42.416	-6.054	-7.386	0.101
796	0	10	20	0	92.442	0.305	13.599	0.425
763	20	40	70	10	68.753	2.269	40.508	0.138
730	20	70	20	10	60.199	36.226	-13.649	0.323
697	0	40	70	20	69.356	12.945	51.34	0.09
664	85	30	40	0	51.535	-34.215	-23.056	0.173
631	3	40	40	40	57.703	10.409	22.641	0.076
598	70	70	10	20	41.079	13.861	-40.625	0.159
565	20	0	40	20	76.788	-19.795	31.193	0.182
532	40	70	40	10	53.106	19.033	-8.012	0.209
499	10	10	20	20	80.716	-5.513	12.242	0.315
466	30	40	20	0	72.712	7.339	-13.954	0.35
433	55	85	0	0	45.669	41.445	-49.803	0.28
400	15	0	0	0	92.231	-8.056	-10.837	0.539
367	40	100	40	60	19.334	26.605	-2.555	0.061
334	20	100	10	0	45.201	65.649	-20.569	0.194
301	100	85	20	0	28.573	15.066	-52.496	0.129
268	10	100	20	0	48.093	68.551	-8.361	0.206
235	0	70	0	80	25.878	22.433	-3.228	0.071
202	100	30	30	0	45.815	-29.373	-39.293	0.168
169	100	20	70	20	38.597	-53.16	-3.391	0.081
136	10	55	55	0	69.837	23.307	23.686	0.181
103	85	70	0	0	42.639	17.814	-61.204	0.269
70	70	40	0	10	55.179	-2.843	-48.036	0.255
37	30	100	100	0	40.652	40.795	41.428	0.026
4	20	0	100	40	59.378	-13.575	68.768	0.021
1589	100	100	40	60	12.089	5.137	-19.119	0.047
1556	0	3	3	0	95.841	0.055	-2.17	0.578
1523	10	6	6	100	19.046	-1.428	7.321	0.023
1490	40	30	70	0	67.078	-21.754	33.27	0.112
1457	20	10	40	20	75.989	-14.779	27.025	0.153
1424	100	70	100	80	11.746	-10.23	2.26	0.064
1391	3	0	3	0	95.667	-3.108	-2.442	0.595
1358	40	30	85	0	64.203	-21.78	51.345	0.104
1325	55	20	30	0	69.309	-29.066	-10.391	0.256
1292	100	20	20	20	44.779	-31.043	-38.327	0.128
1259	100	40	0	100	9.573	-5.065	-11.477	0.048
1226	20	70	40	0	61.173	32.668	0.785	0.206
1193	10	40	20	20	71.404	13.809	2.954	0.264
1160	100	100	40	0	21.699	15.234	-38.966	0.106
1127	40	10	0	10	78.279	-14.152	-22.377	0.399
1094	40	20	0	0	77.419	-6.396	-29.262	0.483
1061	70	20	0	20	58.518	-20.184	-37.393	0.283
1028	100	20	55	0	45.227	-52.608	-16.245	0.082
995	70	10	0	10	66.443	-27.949	-38.404	0.287
962	70	70	30	0	43.35	7.409	-32.345	0.2
929	100	20	70	60	22.692	-35.697	-0.797	0.032
896	20	30	0	0	80.803	10.205	-22.291	0.518
863	100	70	55	0	31.003	-14.856	-26.749	0.068
830	55	100	55	0	28.497	30.893	-7.904	0.095
797	40	10	85	0	70.544	-37.418	59.77	0.073
764	100	85	85	0	25.638	-18.74	-3.461	0.071
731	7	0	0	7	92.392	-4.227	-5.739	0.586
698	10	70	20	20	58.966	37.192	-6.301	0.21
665	0	70	40	40	48.616	30.23	14.157	0.058
632	20	10	20	20	78.091	-10.109	7.685	0.265
599	55	55	30	0	56.598	2.062	-23.963	0.241
566	30	100	85	0	36.842	43.497	28.455	0.047
533	10	100	40	20	42.372	58.337	3.975	0.124
500	40	0	0	10	80.942	-20.272	-19.496	0.432
467	0	85	55	0	59.611	52.989	21.454	0.138
434	100	0	40	100	10.782	-14.876	-2.86	0.056
401	100	55	40	0	36.476	-16.134	-35.855	0.106
368	85	70	20	0	38.764	5.932	-45.968	0.19
335	40	55	20	0	62.451	14.734	-23.778	0.372
302	0	0	85	0	90.551	-10.003	84.998	0.035
269	70	100	20	40	19.581	28.264	-27.218	0.124
236	10	40	70	10	71.518	8.96	46.267	0.14
203	3	40	3	0	81.3	24.022	-15.055	0.538
170	100	20	20	0	50.416	-30.928	-44.073	0.202
137	20	0	20	60	48.827	-9.773	13.209	0.103
104	10	0	100	0	85.923	-13.774	97.671	0.022
71	10	30	30	0	82.861	6.88	11.038	0.384
38	100	0	70	80	19.289	-31.525	4.29	0.068
5	70	70	0	40	34.276	13.245	-35.232	0.146
1590	0	40	20	60	44.485	10.709	10.2	0.099
1557	30	85	0	0	52.514	52.108	-37.645	0.373
1524	0	60	0	0	72.59	42.655	-22.641	0.48
1491	20	70	70	40	43.062	20.031	25.942	0.055
1458	55	100	70	0	28.312	26.065	5.068	0.072
1425	20	100	10	20	40.604	59.724	-17.174	0.187
1392	40	40	40	20	61.403	-5.563	2.175	0.199
1359	70	55	85	0	45.583	-24.905	21.148	0.058
1326	55	55	40	0	56.618	-2.388	-14.582	0.232
1293	40	0	40	60	43.158	-21.17	19.32	0.04
1260	0	0	40	20	82.336	-8.345	41.75	0.155
1227	100	100	100	40	15.405	-6.579	1.631	0.119
1194	40	20	100	20	59.18	-22.105	63.445	0.09
1161	0	0	0	7	94.461	-1.002	-3.108	0.522
1128	100	70	70	80	12.325	-7.842	-4.893	0.074
1095	0	70	0	0	67.932	51.816	-24.138	0.481
1062	0	0	20	10	90.856	-5.28	18.383	0.401
1029	0	98	0	0	52.718	74.678	-18.321	0.313
996	10	0	40	10	85.933	-14.28	33.76	0.227
963	55	55	100	0	47.298	-13.707	46.492	0.017
930	100	0	0	40	41.322	-30.108	-35.663	0.092
897	30	100	55	0	37.849	48.135	4.595	0.06
864	40	0	100	0	73.526	-36.642	80.085	0.033
831	10	10	0	10	87.794	0.119	-9.265	0.499
798	0	0	40	10	89.322	-8.48	39.781	0.236
765	40	3	3	3	82.099	-20.429	-20.645	0.397
732	30	30	85	0	68.796	-13.108	56.937	0.057
699	10	70	20	10	62.819	40.393	-8.75	0.301
666	70	100	10	0	27.775	45.694	-47.666	0.157
633	20	40	0	40	56.637	11.016	-11.311	0.172
600	85	100	0	0	28.818	41.575	-60.657	0.243
567	100	0	0	70	25.793	-23.621	-22.122	0.043
534	20	0	85	0	82.344	-25.312	75.922	0.046
501	20	30	20	0	81.276	3.632	-3.85	0.396
468	40	40	40	0	68.269	-4.501	-2.586	0.275
435	70	40	40	10	53.092	-21.503	-17.498	0.165
402	40	0	0	80	32.469	-11.062	-0.513	0.061
369	70	10	55	0	62.33	-55.669	9.147	0.159
336	100	40	10	0	45.048	-10.39	-55.761	0.171
303	40	85	0	0	48.815	48.215	-42.655	0.286
270	10	70	10	10	63.384	43.176	-18.155	0.355
237	40	70	10	0	55.438	31.743	-34.932	0.348
204	30	0	55	0	80.847	-31.735	37.147	0.167
171	70	70	70	40	32.879	-6.418	0.367	0.061
138	85	100	40	0	21.87	22.743	-32.709	0.057
105	30	40	100	0	63.249	-2.288	69.873	0.027
72	70	40	100	0	44.91	-33.352	41.524	0.072
39	70	70	70	0	44.662	-8.936	-0.588	0.085
6	100	0	0	10	55.918	-32.894	-50.47	0.13
1591	70	40	40	0	55.202	-22.509	-18.395	0.2
1558	0	100	40	60	27.103	39.648	8.662	0.072
1525	55	10	20	0	73.428	-31.856	-15.51	0.313
1492	40	100	0	60	21.828	33.248	-16.202	0.079
1459	55	0	30	0	74.087	-44.286	-1.503	0.248
1426	10	10	30	0	89.681	-6.921	18.846	0.331
1393	10	85	85	0	54.496	44.976	45.496	0.067
1360	0	95	0	0	54.044	73.333	-20.177	0.33
1327	70	70	70	80	17.697	-2.913	3.212	0.031
1294	0	0	100	20	77.668	-6.21	94.86	0.015
1261	70	70	20	40	32.459	6.708	-25.467	0.128
1228	100	70	20	40	23.855	-1.006	-36.699	0.067
1195	20	70	20	20	56.163	34.247	-11.83	0.211
1162	40	100	20	40	26.886	40.033	-15.764	0.072
1129	100	40	40	100	7.749	-6.561	-5.273	0.005
1096	40	70	100	40	35.576	6.98	35.401	0.03
1063	0	100	0	40	37.342	55.864	-9.027	0.114
1030	100	0	40	0	54.167	-59.097	-21.789	0.108
997	70	20	100	0	52.104	-47.991	51.521	0.062
964	20	40	70	60	40.15	1.059	31.143	0.051
931	20	40	0	20	69.319	15.363	-19.062	0.336
898	3	3	0	40	69.006	-1.242	2.378	0.231
865	0	20	20	40	64.775	2.491	15.459	0.151
832	0	5	0	0	95.659	2.001	-5.635	0.589
799	40	100	30	0	35.72	50.035	-18.445	0.156
766	10	20	20	20	78.239	0.048	9.176	0.249
733	20	100	40	20	38.886	53.308	-0.309	0.098
700	20	100	100	0	43.698	48.971	46.569	0.016
667	40	70	10	10	53.375	30.814	-32.655	0.347
634	85	0	30	0	62.379	-54.748	-20.678	0.18
601	40	40	20	40	50.832	-1.05	-7.379	0.162
568	55	40	85	0	54.414	-26.409	36.419	0.095
535	100	70	40	60	16.494	-6.93	-18.783	0.09
502	30	55	30	0	66.022	17.137	-10.486	0.288
469	30	85	55	0	48.31	34.285	6.256	0.144
436	70	85	70	0	36.669	2.108	-2.42	0.11
403	10	0	40	20	79.589	-13.879	34.782	0.185
370	100	0	10	0	57.894	-38.844	-46.001	0.165
337	10	85	10	0	58.063	57.699	-20.627	0.331
304	0	30	85	0	80.078	8.85	75.863	0.03
271	10	0	70	20	77.489	-15.859	64.298	0.088
238	85	55	55	0	42.523	-21.844	-17.803	0.102
205	55	30	55	0	63.708	-30.492	9.816	0.137
172	70	70	70	10	43.304	-9.604	-0.623	0.068
139	0	70	40	10	63.951	39.923	14.26	0.219
106	20	70	0	10	60.632	42.698	-30.182	0.361
73	20	55	0	0	69.976	31.023	-30.025	0.494
40	40	3	3	0	82.765	-20.33	-21.082	0.508
7	20	20	70	40	57.805	-9.354	42.251	0.072
1592	70	100	20	0	26.432	39.646	-41.023	0.16
1559	70	70	100	80	15.17	-4.881	9.3	0.043
1526	70	20	100	20	46.958	-43.608	45.29	0.027
1493	0	20	85	0	83.522	2.186	79.588	0.085
1460	70	40	20	20	50.736	-13.551	-28.719	0.207
1427	0	85	30	0	59.73	57.574	0.357	0.243
1394	40	70	0	60	30.685	19.397	-16.872	0.121
1361	55	100	100	0	33.159	19.689	29.963	0.019
1328	100	40	0	60	24.139	-9.682	-30.919	0.084
1295	10	0	0	10	89.809	-5.387	-6.064	0.494
1262	70	70	10	0	45.726	17.038	-48.068	0.292
1229	20	85	0	0	55.627	55.263	-31.613	0.271
1196	85	70	55	0	37.673	-9.662	-20.391	0.136
1163	0	10	0	0	93.993	4.93	-7.273	0.625
1130	70	100	40	80	9.871	10.606	-7.636	0.08
1097	10	85	0	0	58.594	60.221	-27.558	0.39
1064	0	30	100	0	78.756	11.638	94.473	0.015
1031	20	70	70	60	32.638	15.825	21.649	0.034
998	0	30	40	0	82.893	10.751	28.188	0.283
965	40	27	27	60	40.949	-8.417	4.273	0.098
932	100	70	40	20	28.735	-7.784	-33.453	0.085
899	0	0	7	0	96.65	-2.648	3.328	0.574
866	20	10	70	0	81.54	-19.114	56.174	0.106
833	70	0	40	60	36.286	-33.741	5.593	0.058
800	0	100	100	80	20.085	27.251	17.839	0.046
767	70	85	85	0	36.702	-2.179	11.566	0.068
734	100	20	10	0	51.218	-24.996	-51.801	0.143
701	40	55	30	0	62.433	11.32	-16.197	0.258
668	40	70	85	0	49.134	9.37	33.102	0.021
635	55	40	55	0	61.343	-20.338	3.886	0.174
602	30	70	10	0	58.811	36.53	-30.005	0.314
569	0	85	10	0	59.94	62.228	-15.869	0.321
536	85	40	20	0	49.718	-16.431	-41.898	0.143
503	20	20	10	20	76.692	-1.674	-4.566	0.313
470	40	3	40	3	77.695	-34.333	16.369	0.212
437	0	40	0	60	45.381	12.183	-0.112	0.095
404	0	100	40	20	45.583	62.136	10.894	0.081
371	20	70	40	10	58.874	30.962	2.724	0.209
338	30	20	85	0	71.77	-20.208	61.012	0.064
305	10	100	10	20	44.048	63.138	-12.216	0.148
272	10	70	55	0	63.176	35.406	21.189	0.178
239	10	55	20	0	71.84	30.088	-7.921	0.329
206	40	40	0	80	26.097	2.064	-6.287	0.029
173	70	40	70	60	27.917	-19.737	8.425	0.097
140	10	6	6	60	51.254	-2.767	6.444	0.09
107	0	3	0	40	69.559	-0.128	3.131	0.274
74	30	70	40	0	57.946	26.464	-4.766	0.164
41	55	30	100	0	54.958	-31.06	54.681	0.033
8	40	85	20	0	47.223	39.443	-27.78	0.199
1593	100	0	100	40	35.855	-58.726	24.601	0.075
1560	0	70	100	80	26.231	16.216	27.639	0.009
1527	85	100	30	0	22.499	27.149	-39.962	0.127
1494	10	0	20	10	87.697	-10.478	13.165	0.368
1461	100	10	40	20	45.255	-48.704	-21.118	0.064
1428	10	85	40	0	57.236	50.295	3.382	0.222
1395	40	0	40	10	75.579	-34.826	19.592	0.215
1362	70	20	20	20	56.969	-29.856	-21.578	0.171
1329	10	10	20	10	86.621	-4.966	9.591	0.391
1296	10	55	40	0	70.989	25.233	10.768	0.25
1263	100	20	40	20	42.305	-41.435	-24.291	0.08
1230	0	100	20	20	46.038	64.34	-2.18	0.118
1197	40	40	20	20	62.244	-0.415	-13.368	0.256
1164	40	0	20	60	44.805	-17.522	7.262	0.095
1131	100	30	85	0	36.968	-57.018	7.44	0.037
1098	40	0	3	40	60.966	-17.498	-7.444	0.168
1065	20	20	85	0	76.375	-12.14	67.77	0.069
1032	20	100	0	0	46.074	68.461	-26.811	0.243
999	70	10	85	0	57.126	-60.541	42.127	0.07
966	3	3	40	40	66.122	-7.208	35.722	0.107
933	100	40	40	20	36.889	-27.764	-28.831	0.118
900	10	10	20	0	90.702	-4.817	7.431	0.413
867	40	10	10	20	72.692	-17.507	-10.323	0.277
834	3	0	3	3	95.042	-2.989	-2.241	0.549
801	10	30	10	0	84.429	11.585	-8.688	0.523
768	85	30	20	0	53.128	-24.876	-39.47	0.204
735	100	100	0	80	9.506	8.314	-23.641	0.048
702	0	40	100	20	67.373	14.574	81.171	0.049
669	70	100	0	20	29.454	41.936	-46.495	0.228
636	3	40	0	3	81.02	24.41	-17.388	0.527
603	30	55	40	0	65.353	13.76	-1.165	0.275
570	20	100	20	20	40.262	57.518	-10.579	0.143
537	10	100	30	0	47.706	66.997	-2.904	0.177
504	100	20	40	60	25.162	-29.024	-13.09	0.047
471	70	40	70	10	49.874	-32.407	10.438	0.104
438	30	30	30	0	77.014	-4.61	-1.173	0.309
405	40	20	20	20	69.377	-14.356	-5.797	0.25
372	10	0	70	10	83.341	-16.933	64.739	0.09
339	20	100	55	0	41.99	55.826	8.695	0.096
306	3	3	3	0	95.14	-1.22	-3.62	0.626
273	0	0	0	2	96.47	-0.79	-3.819	0.634
240	0	100	70	0	51.028	65.529	29.622	0.088
207	10	6	6	20	82.703	-3.838	0.064	0.348
174	70	40	100	40	33.47	-25.238	29.835	0.043
141	55	100	30	0	29.662	42.254	-27.048	0.171
108	100	100	20	20	20.496	21.413	-47.422	0.079
75	100	100	0	70	11.542	11.649	-27.892	0.083
42	0	0	100	60	48.15	-3.132	58.308	0.017
9	0	100	0	10	49.667	71.985	-15.143	0.216
1594	85	40	55	0	46.329	-33.718	-13.041	0.134
1561	100	55	100	0	29.703	-40.575	15.053	0.079
1528	0	30	70	0	81.01	8.7	57.258	0.179
1495	0	40	0	10	78.985	23.034	-13.672	0.499
1462	10	20	70	0	82.017	-4.598	55.573	0.126
1429	40	27	27	10	71.514	-12.528	-5.338	0.288
1396	100	100	100	80	9.97	-4.301	-0.017	0.019
1363	70	100	70	80	10.213	5.134	-1.849	0.039
1330	20	20	20	60	47.071	-3.453	9.522	0.078
1297	30	100	0	0	43.35	63.342	-32.483	0.226
1264	100	20	0	60	27.012	-17.69	-28.704	0.043
1231	0	0	0	20	86.013	-0.863	0.152	0.404
1198	40	40	40	40	50.651	-4.895	4.355	0.136
1165	0	0	0	15	89.644	-1.07	-1.122	0.489
1132	70	30	20	0	60.115	-22.76	-30.272	0.287
1099	20	0	40	0	86.322	-21.122	27.685	0.226
1066	0	40	40	3	78.111	18.091	23.454	0.275
1033	10	10	55	0	86.644	-10.361	45.552	0.173
1000	40	40	100	60	33.301	-5.485	35.945	0.034
967	100	30	100	0	35.338	-57.967	23.696	0.049
934	85	20	30	0	55.632	-38.856	-28.54	0.203
901	70	0	20	60	37.919	-29.264	-4.607	0.079
868	20	0	10	0	89.75	-13.396	-3.252	0.424
835	100	20	30	0	49.084	-37.945	-36.345	0.14
802	100	10	0	20	49.496	-26.243	-48.217	0.176
769	100	0	85	0	49.366	-78.931	17.156	0.059
736	85	100	85	0	22.83	2.799	1.402	0.105
703	40	0	40	3	78.011	-36.041	18.33	0.231
670	100	10	85	0	44.41	-72.54	14.985	0.046
637	40	20	100	0	65.63	-24.746	70.023	0.033
604	55	10	10	0	74.414	-27.414	-24.339	0.372
571	100	100	70	60	11.146	-0.404	-9.742	0.023
538	0	100	0	80	19.609	31.516	-1.692	0.049
505	0	0	40	60	51.195	-4.901	31.858	0.056
472	0	20	10	10	85.67	7.252	2.058	0.41
439	70	100	70	0	25.047	15.361	-3.586	0.065
406	70	0	40	0	67.424	-56.493	-0.954	0.204
373	100	100	0	100	7.623	1.572	-8.899	0.039
340	100	40	0	0	46.334	-5.124	-62.13	0.207
307	30	70	70	0	55.016	19.403	23.275	0.121
274	0	20	20	10	84.71	5.619	11.854	0.337
241	100	55	10	0	40.455	-0.186	-57.609	0.143
208	40	40	3	0	68.947	7.894	-33.81	0.408
175	40	10	20	10	76.777	-21.853	-4.681	0.262
142	10	70	30	0	64.747	40.119	-3.265	0.271
109	70	0	85	0	61.597	-67.484	43.221	0.072
76	30	100	30	0	39.91	56.08	-13.791	0.142
43	100	0	70	40	37.166	-55.618	2.812	0.059
10	100	20	0	0	52.257	-18.04	-58.32	0.168
1595	40	10	55	0	75.239	-33.374	25.141	0.168
1562	85	70	40	0	37.509	-4.651	-31.656	0.132
1529	85	100	10	0	25.223	37.271	-53.79	0.124
1496	0	70	20	60	37.243	25.736	3.515	0.068
1463	30	0	100	0	77.706	-28.202	86.604	0.004
1430	100	100	10	0	24.263	29.685	-58.288	0.117
1397	100	10	70	20	41.46	-62.281	0.446	0.03
1364	55	20	100	0	58.457	-37.456	60.801	0.04
1331	0	70	55	0	66.142	40.29	26.037	0.176
1298	40	0	0	0	83.627	-20.886	-23.211	0.473
1265	10	20	40	0	85.64	-1.985	24.68	0.292
1232	55	55	70	0	54.593	-10.885	12.401	0.124
1199	20	20	20	0	85.018	-3.82	-0.74	0.383
1166	100	100	0	20	24.694	28.581	-57.289	0.175
1133	0	20	0	0	90.39	11.195	-10.454	0.583
1100	3	0	0	3	95.418	-2.354	-5.264	0.569
1067	100	0	100	20	44.532	-71.085	30.357	0.025
1034	0	10	55	0	89.871	-4.417	50.197	0.186
1001	70	40	100	60	25.298	-18.232	22.004	0.039
968	10	10	100	20	73.107	-7.246	85.901	0.008
935	0	0	40	3	92.908	-8.48	39.102	0.282
902	40	10	100	20	62.454	-27.64	67.851	0.018
869	0	40	100	0	75.109	18.79	89.424	0.007
836	40	40	70	80	25.952	-4.647	17.033	0.037
803	40	27	27	0	74.249	-12.314	-8.6	0.335
770	0	40	70	80	31.565	5.723	28.138	0.016
737	55	70	0	0	51.957	28.818	-49.032	0.34
704	100	20	85	0	40.565	-64.663	10.63	0.072
671	70	40	0	40	41.734	-6.599	-30.786	0.146
638	0	3	0	3	95.353	0.629	-4.453	0.616
605	10	20	100	0	78.648	-1.466	89.782	0.061
572	10	0	40	0	89.891	-14.751	32.762	0.197
539	100	10	55	0	48.264	-59.45	-13.539	0.098
506	40	55	0	0	63.083	21.655	-39.514	0.436
473	40	10	0	0	80.829	-14.344	-25.923	0.509
440	85	100	55	0	21.855	14.252	-22.181	0.08
407	0	3	40	3	92.028	-6.94	37.278	0.289
374	30	10	70	0	77.066	-27.752	48.896	0.096
341	70	30	0	0	61.54	-11.93	-48.101	0.351
308	40	0	100	100	18.055	-7.484	13.97	0.016
275	70	100	0	40	24.075	32.988	-35.377	0.108
242	0	10	70	10	84.277	-5.244	65.161	0.07
209	20	70	100	40	41.52	18.88	43.971	0.007
176	70	20	100	60	28.958	-26.904	26.723	0.008
143	0	100	0	100	11.593	17.581	0.116	0.048
110	40	20	85	0	67.159	-29.177	54.39	0.085
77	100	100	100	60	12.362	-4.14	1.255	0.037
44	10	70	70	0	62.089	33.927	34.782	0.154
11	0	0	10	0	96.223	-3.259	6.488	0.557
1596	0	40	0	40	60.241	15.82	-4.853	0.194
1563	40	40	70	10	61.821	-12.544	28.341	0.178
1530	70	55	100	0	41.094	-23.918	36.473	0.012
1497	0	10	20	20	81.9	-1.059	17.254	0.282
1464	20	10	70	10	78.051	-18.946	55.971	0.085
1431	0	10	0	0	93.862	4.984	-7.225	0.598
1398	20	0	30	0	87.296	-18.839	17.365	0.294
1365	40	100	40	100	9.573	8.144	-0.586	0.023
1332	20	0	20	10	84.73	-15.818	8.935	0.384
1299	70	55	40	0	50.511	-10.653	-21.351	0.164
1266	100	70	0	0	37.835	13.524	-65.365	0.164
1233	70	70	70	20	40.927	-8.391	-0.111	0.118
1200	70	0	0	0	72.178	-35.93	-38.977	0.359
1167	100	70	0	20	33.659	10.001	-57.77	0.213
1134	40	100	100	40	28.064	24.953	24.299	0.035
1101	0	100	100	40	36.569	47.577	38.711	0.032
1068	40	70	70	40	38.179	9.288	15.844	0.068
1035	100	40	20	40	31.463	-16.373	-32.684	0.13
1002	100	70	40	40	22.53	-7.503	-26.614	0.045
969	20	10	0	0	88.055	-3.929	-16.151	0.522
936	55	40	0	0	63.44	2.997	-43.001	0.403
903	100	100	0	40	19.67	20.515	-45.45	0.08
870	0	40	20	20	72.168	17.503	7.668	0.26
837	40	40	100	100	14.787	-2.158	10.031	0.007
804	40	30	10	0	73.489	-3.942	-24.459	0.411
771	100	85	70	0	25.386	-10.098	-17.542	0.06
738	55	85	10	0	43.032	36.803	-42.989	0.249
705	70	20	10	0	64.788	-26.704	-35.981	0.305
672	20	20	55	0	80.361	-10.559	35.613	0.164
639	40	20	100	40	48.931	-17.844	52.052	0.013
606	85	40	0	0	51.947	-5.195	-57.023	0.28
573	30	0	85	0	77.934	-34.241	71.254	0.04
540	0	0	75	0	91.102	-10.634	77.66	0.04
507	0	40	40	20	70.872	14.209	26.31	0.164
474	40	0	100	80	30.074	-12.45	29.583	0.034
441	20	70	20	0	62.269	38.178	-16.292	0.359
408	7	0	7	7	91.664	-5.982	0.966	0.43
375	40	0	40	0	78.647	-36.346	17.576	0.22
342	40	20	70	60	39.213	-15.972	27.485	0.068
309	30	0	70	0	79.152	-34.264	53.642	0.134
276	10	30	70	0	78.171	2.339	51.899	0.067
243	100	100	70	0	21.472	0.971	-18.301	0.036
210	0	0	80	0	90.738	-10.308	82.67	0.06
177	55	0	85	0	67.695	-57.192	54.197	0.086
144	20	40	40	60	41.462	3.286	15.556	0.053
111	0	0	0	80	36.764	-1.008	8.583	0.028
78	10	20	55	0	83.439	-3.787	40.393	0.172
45	10	70	40	20	58.013	33.871	9.24	0.225
12	0	0	100	10	84.296	-6.77	100.44	0.003
1597	30	100	70	0	36.544	45.698	15.124	0.056
1564	0	40	100	60	42.142	8.394	49.561	0.024
1531	40	0	3	0	83.205	-22.225	-20.312	0.473
1498	40	40	20	0	69.167	1.061	-19.529	0.353
1465	70	10	20	0	66.874	-40.239	-22.913	0.249
1432	100	70	70	40	21.87	-15.903	-11.02	0.06
1399	55	85	30	0	40.544	26.932	-26.777	0.179
1366	40	30	55	0	69.91	-18.756	18.608	0.19
1333	0	40	70	0	77.086	16.099	54.201	0.11
1300	10	20	30	0	86.603	-0.209	14.273	0.356
1267	40	0	20	10	78.071	-27.837	-0.443	0.301
1234	80	65	65	60	22.876	-10.291	-2.39	0.022
1201	70	40	10	0	57.178	-7.865	-42.848	0.249
1168	30	85	85	0	45.175	28.997	32.664	0.045
1135	70	70	0	20	42.634	18.353	-46.992	0.213
1102	0	100	100	100	11.694	15.385	5.798	0.012
1069	20	40	70	20	64.605	1.265	42.139	0.072
1036	40	0	100	60	41.207	-18.088	45.334	0.073
1003	55	70	30	0	49.26	14.308	-25.262	0.244
970	40	20	0	20	69.923	-7.168	-21.628	0.343
937	40	40	40	100	15.495	-1.356	4.325	0.041
904	40	0	70	80	30.515	-16.793	25.869	0.073
871	0	0	0	60	53.804	-0.977	6.344	0.096
838	100	0	40	40	39.02	-47.311	-13.754	0.079
805	55	40	30	0	62.937	-11.34	-19.639	0.288
772	85	40	70	0	43.764	-40.413	1.665	0.044
739	70	55	20	0	50.748	-0.557	-38.063	0.178
706	85	0	55	0	58.779	-67.291	2.043	0.133
673	0	100	55	0	50.594	67.809	19.528	0.108
640	100	0	40	80	19.923	-29.242	-4.782	0.052
607	0	100	70	40	36.73	49.221	23.595	0.064
574	85	55	0	0	47.345	6.09	-59.316	0.223
541	40	85	40	0	45.743	32.212	-12.259	0.207
508	40	100	40	80	14.115	19.337	-1.212	0.089
475	55	85	20	0	41.042	32.526	-34.825	0.254
442	0	10	40	0	90.804	-2.924	34.364	0.273
409	70	0	100	40	44.962	-42.752	42.784	0.062
376	20	20	0	10	81.456	2.372	-16.199	0.457
343	20	40	0	0	76.439	18.078	-25.832	0.535
310	10	70	70	10	59.737	31.985	36.164	0.074
277	55	10	0	0	75.277	-22.048	-33.718	0.478
244	100	85	85	0	25.007	-15.803	-5.415	0.083
211	10	40	40	10	74.788	11.954	18.874	0.228
178	100	40	70	0	37.248	-42.357	-9.355	0.08
145	10	55	100	0	65.703	22.788	75.088	0.005
112	100	55	55	0	34.887	-24.833	-24.14	0.101
79	40	20	20	40	56.671	-12.637	-1.176	0.163
46	55	70	40	0	49.661	10.249	-17.647	0.184
13	20	10	10	10	85.096	-7.11	-4.46	0.41
1598	40	0	0	40	61.027	-16.93	-9.617	0.18
1565	30	10	85	0	74.847	-27.88	65.479	0.052
1532	30	40	70	0	67.614	-4.426	34.758	0.143
1499	100	40	100	80	13.741	-17.972	4.869	0.033
1466	85	40	100	0	38.51	-43.337	30.113	0.104
1433	20	30	85	0	72.864	-5.204	63.474	0.078
1400	70	20	70	10	54.39	-50.359	20.891	0.082
1367	70	10	0	20	61.672	-27.365	-34.237	0.246
1334	40	85	70	0	43.342	22.994	14.377	0.153
1301	10	70	0	10	63.979	45.274	-25.556	0.442
1268	40	10	30	0	78.624	-26.021	2.058	0.263
1235	40	0	70	0	75.443	-43.424	47.876	0.131
1202	100	70	100	0	27.6	-31.41	11.806	0.048
1169	30	30	70	0	71.383	-12.93	40.571	0.123
1136	20	20	10	0	85.087	-0.159	-10.832	0.452
1103	100	40	20	20	38.944	-16.97	-42.768	0.147
1070	40	100	40	0	34.687	46.512	-11.353	0.17
1037	10	40	0	20	72.771	18.037	-14.145	0.372
1004	0	0	40	40	67.133	-6.732	37.654	0.125
971	100	100	100	0	21.382	-9.946	5.284	0.069
938	0	100	100	20	45.072	57.492	50.329	0.024
905	0	70	30	0	66.671	44.096	3.284	0.231
872	40	100	100	20	34.638	29.612	32.797	0.076
839	0	70	40	80	26.01	17.634	12.82	0.019
806	10	85	55	0	56.375	47.626	16.188	0.113
773	100	10	70	0	46.101	-68.227	0.064	0.042
740	20	70	70	10	56.265	25.85	30.513	0.123
707	20	70	100	60	32.041	14.371	32.652	0.02
674	40	3	0	3	82.236	-18.899	-23.331	0.453
641	70	100	70	60	13.421	8.749	-2.033	0.069
608	40	40	10	20	61.787	3.336	-21.193	0.294
575	0	10	70	0	88.508	-5.079	67.106	0.078
542	0	55	100	0	69.758	29.321	83.419	0.012
509	40	40	40	10	65.522	-4.874	-0.19	0.223
476	0	40	70	60	43.263	7.599	36.726	0.022
443	85	55	30	0	44.026	-9.524	-37.52	0.138
410	3	40	3	40	60.245	14.395	-3.666	0.215
377	100	100	85	0	21.908	-4.052	-7.884	0.068
344	0	0	0	0	96.972	-0.751	-4.217	0.624
311	100	55	70	0	33.633	-29.541	-13.094	0.08
278	0	40	20	10	76.81	20.007	4.06	0.352
245	40	27	27	100	15.978	-3.797	4.993	0.025
212	40	40	20	10	66.761	1.219	-16.458	0.269
179	100	0	30	0	55.222	-51.351	-30.718	0.183
146	85	40	10	0	50.778	-10.976	-49.622	0.21
113	70	40	0	60	30.299	-6.624	-21.812	0.06
80	40	20	10	20	69.777	-10.907	-13.77	0.272
47	40	40	10	0	68.774	4.973	-28.395	0.356
14	10	70	40	0	64.411	37.271	6.163	0.198
1599	0	100	20	40	37.105	52.89	0.373	0.094
1566	100	40	10	20	40.236	-11.73	-48.499	0.129
1533	0	0	0	30	78.512	-1.112	1.892	0.362
1500	85	0	0	0	65.262	-35.969	-46.596	0.289
1467	0	20	70	10	81.222	0.477	62.134	0.128
1434	100	0	100	100	12.409	-16.324	6.45	0.066
1401	55	100	85	0	28.892	22.001	17.11	0.039
1368	0	0	30	0	94.493	-7.199	28.225	0.306
1335	25	0	0	0	89.199	-12.557	-15.623	0.58
1302	10	10	100	0	82.367	-7.792	93.92	0.021
1269	40	40	3	40	50.831	3.058	-17.405	0.149
1236	0	0	0	3	96.372	-0.925	-3.929	0.632
1203	40	20	0	40	57.281	-7.39	-13.892	0.168
1170	10	0	30	0	91.017	-12.98	21.841	0.354
1137	0	0	0	20	85.835	-1.01	0.294	0.451
1104	85	30	0	0	55.278	-13.906	-55.468	0.196
1071	0	40	0	0	81.7	25.897	-16.938	0.555
1038	100	0	0	0	58.122	-32.465	-53.478	0.153
1005	0	0	30	0	94.495	-7.018	28.127	0.305
972	20	40	0	10	73.926	17.273	-22.36	0.435
939	20	40	100	40	50.195	3.26	56.781	0.024
906	55	100	0	0	36.396	53.037	-45.898	0.244
873	40	20	10	0	76.895	-10.951	-20.431	0.415
840	10	10	0	0	91.328	0.695	-11.745	0.572
807	70	100	40	20	22.419	28.075	-24.465	0.086
774	100	85	100	0	24.337	-21.401	7.635	0.068
741	70	0	20	20	62.481	-43.143	-15.279	0.18
708	10	20	10	10	84.679	3.546	-3.056	0.488
675	0	70	10	0	67.777	48.449	-15.349	0.443
642	70	40	100	20	40.759	-30.082	36.409	0.025
609	40	0	100	40	53.847	-24.972	59.208	0.073
576	40	0	20	0	81.301	-28.771	-3.255	0.331
543	70	20	40	20	55.45	-37.202	-7.025	0.122
510	0	55	55	0	71.949	28.657	31.477	0.159
477	0	0	15	0	95.63	-4.245	11.821	0.442
444	40	100	0	100	9.882	11.051	-3.997	0.054
411	20	40	70	40	52.954	1.248	34.723	0.052
378	30	0	40	0	82.372	-28.16	22.646	0.189
345	55	0	40	0	73.237	-46.779	7.38	0.207
312	40	85	85	0	41.588	21.261	27.342	0.051
279	0	40	40	100	18.225	5.048	11.937	0.06
246	100	70	70	20	26.592	-18.224	-15.559	0.068
213	100	20	100	60	21.278	-35.35	12.853	0.03
180	40	40	0	0	68.798	8.891	-35.844	0.452
147	20	70	0	0	62.617	44.052	-32.99	0.44
114	0	0	0	85	33.38	-0.575	7.992	0.041
81	40	0	40	70	37.539	-18.293	17.989	0.077
48	40	70	100	60	27.003	5.731	24.836	0.015
15	0	100	100	10	48.472	61.171	53.372	0.011
1600	70	20	70	0	56.565	-51.086	18.036	0.111
1567	10	10	40	0	88.677	-8.676	28.236	0.255
1534	85	10	85	0	50.575	-66.126	26.525	0.056
1501	30	70	20	0	59.448	32.006	-21.221	0.311
1468	0	0	0	5	95.401	-0.822	-3.35	0.631
1435	20	10	100	0	78.139	-14.961	88.502	0.005
1402	0	0	10	0	96.039	-3.366	6.962	0.531
1369	60	45	45	0	58.774	-15.732	-10.019	0.223
1336	0	10	85	0	87.597	-4.742	80.776	0.038
1303	70	10	20	10	64.443	-38.4	-21.055	0.243
1270	20	0	40	10	82.665	-20.521	29.069	0.199
1237	30	20	30	0	80.64	-11.898	2.716	0.309
1204	10	70	100	20	54.241	29.46	60.239	0.059
1171	55	30	85	0	57.463	-35.312	39.105	0.066
1138	70	0	20	10	67.041	-45.419	-17.207	0.188
1105	100	100	0	10	25.88	32.186	-62.455	0.157
1072	40	0	70	60	42.111	-22.662	32.282	0.022
1039	70	100	100	80	13.096	3.151	3.796	0.048
1006	40	70	20	20	50.364	23.396	-20.619	0.228
973	20	40	20	10	73.729	11.345	-5.359	0.338
940	70	100	100	60	16.708	5.617	9.944	0.016
907	70	40	20	10	53.997	-12.745	-32.489	0.277
874	100	0	0	0	58.442	-32.177	-53.213	0.194
841	0	100	0	0	51.829	74.608	-16.196	0.295
808	0	0	100	0	88.936	-7.381	106.22	0.006
775	0	0	0	100	19.804	-0.783	7.815	0.04
742	80	65	65	0	42.19	-17.155	-9.668	0.126
709	100	70	100	60	15.83	-16.022	4.811	0.037
676	40	40	100	40	44.237	-7.838	45.719	0.058
643	70	20	40	0	61.429	-41.213	-9.346	0.175
610	70	70	40	20	39.588	1.946	-21.914	0.127
577	100	40	100	60	18.731	-26.482	8.518	0.018
544	85	0	100	0	54.773	-69.048	46.485	0.061
511	30	55	55	0	64.212	10.404	12.662	0.218
478	70	0	40	20	60.439	-50.402	0.872	0.132
445	0	20	30	0	87.445	5.332	19.823	0.339
412	20	0	55	0	84.706	-23.301	41.28	0.175
379	20	0	0	10	87.031	-10.007	-10.184	0.5
346	10	40	40	0	77.394	13.343	16.087	0.303
313	100	0	70	0	51.143	-70.357	0.236	0.1
280	20	40	55	0	73.031	5.164	23.473	0.218
247	10	10	70	20	75.821	-10.782	58.746	0.057
214	0	75	0	0	65.41	55.461	-24.334	0.465
181	100	10	100	20	38.755	-62.953	24.051	0.084
148	100	100	40	40	15.791	11.052	-28.635	0.056
115	70	70	20	20	40.175	9.846	-34.234	0.203
82	55	40	40	0	62.48	-14.776	-10.634	0.22
49	55	70	55	0	48.618	5.981	-5.76	0.176
16	0	70	0	10	65.305	48.4	-21.515	0.405
1601	100	85	85	60	14.055	-9.874	-3.016	0.064
1568	40	100	0	40	29.627	43.612	-24.237	0.108
1535	70	70	40	80	16.615	-0.109	-6.239	0.044
1502	55	70	85	0	45.646	-2.255	22.359	0.066
1469	0	40	0	0	82.028	25.499	-16.613	0.566
1436	3	0	0	40	69.209	-2.206	3.135	0.192
1403	70	0	70	40	46.85	-47.919	21.538	0.032
1370	85	10	10	0	61.255	-35.5	-41.17	0.245
1337	0	0	10	20	85.009	-3.304	10.091	0.348
1304	85	20	40	0	54.502	-43.945	-19.478	0.088
1271	30	20	70	0	74.418	-19.67	42.775	0.076
1238	70	20	10	20	58.205	-25.226	-29.448	0.167
1205	70	70	55	0	44.536	-3.934	-12.852	0.158
1172	40	0	70	20	67.829	-38.165	43.539	0.079
1139	70	100	70	20	22.912	14.358	-5.828	0.06
1106	0	40	40	0	78.509	19	21.276	0.27
1073	0	20	0	10	86.908	9.408	-7.811	0.533
1040	85	55	40	0	43.035	-15.059	-29.341	0.174
1007	70	100	40	0	24.126	30.408	-26.071	0.124
974	70	20	0	0	65.318	-19.94	-45.151	0.38
941	40	10	100	0	69.324	-31.284	74.383	0.032
908	40	40	0	40	50.575	4.239	-19.033	0.171
875	50	0	0	0	80.145	-26.22	-27.82	0.386
842	0	50	0	0	77.21	33.572	-19.629	0.554
809	0	0	50	0	93.164	-9.153	47.985	0.155
776	0	0	0	50	62.307	-1.091	5.273	0.172
743	50	40	40	0	65.222	-11.188	-7.971	0.244
710	40	10	10	10	77.805	-17.637	-13.75	0.364
677	70	40	10	10	54.85	-8.031	-40.11	0.256
644	55	0	70	0	69.319	-56.9	37.653	0.136
611	40	100	70	0	32.75	37.689	10.013	0.096
578	20	40	85	0	69.266	2.713	56.203	0.063
545	30	70	0	0	60.443	38.524	-36.798	0.407
512	40	0	20	40	59.639	-21.779	4.723	0.126
479	100	20	40	0	47.361	-43.124	-28.928	0.133
446	0	70	70	40	48.407	27.94	32.135	0.047
413	40	40	30	0	69.281	-1.225	-12.353	0.339
380	70	10	70	20	54.364	-51.852	20.127	0.088
347	0	55	70	0	71.377	27.806	44.047	0.099
314	20	40	40	20	67.851	5.693	13.35	0.14
281	0	100	100	60	27.589	36.643	26.786	0.02
248	10	70	40	10	61.991	36.139	7.347	0.208
215	55	30	20	0	67.022	-15.622	-23.011	0.307
182	70	85	100	0	33.839	-3.285	25.73	0.049
149	30	70	55	0	57.142	21.951	8.248	0.196
116	100	20	40	40	34.399	-34.533	-19.559	0.065
83	70	85	40	0	35.648	14.31	-25.992	0.158
50	0	0	0	60	53.54	-0.912	6.404	0.143
17	0	40	3	0	81.327	24.696	-13.716	0.561
1602	70	55	0	0	52.77	10.016	-53.338	0.332
1569	5	0	0	0	95.259	-3.273	-6.205	0.63
1536	20	70	70	20	53.171	23.29	27.743	0.094
1503	0	0	0	40	70.058	-1.004	3.938	0.228
1470	0	0	85	0	90.699	-10.188	86.451	0.074
1437	0	0	100	70	42.481	-2.542	50.471	0.042
1404	0	0	55	0	92.605	-9.96	55.093	0.153
1371	30	30	100	0	67.106	-9.498	74.414	0.041
1338	70	20	70	20	51.217	-46.175	18.151	0.06
1305	70	20	70	40	41.787	-38.199	14.907	0.067
1272	10	10	40	10	84.98	-8.71	30.24	0.263
1239	0	85	100	0	58.541	50.554	65.411	0.02
1206	20	20	20	10	81.866	-4.145	1.886	0.365
1173	0	70	10	20	61.344	42.411	-10.011	0.309
1140	70	100	55	0	24.708	21.937	-15.033	0.049
1107	55	30	70	0	61.101	-34.111	23.874	0.089
1074	100	70	20	20	30.269	1.585	-46.249	0.106
1041	0	100	0	20	46.368	67.516	-13.454	0.245
1008	0	3	3	3	95.068	0.019	-1.521	0.567
975	0	0	40	0	93.707	-8.493	39.135	0.246
942	55	55	10	0	57.293	10.741	-38.416	0.322
909	100	70	70	60	16.082	-12.811	-7.556	0.054
876	0	100	100	0	50.785	63.599	55.369	0.049
843	100	0	100	0	49.198	-77.263	32.196	0.037
810	100	100	0	0	27.716	33.516	-63.664	0.145
777	0	0	0	0	97.079	-0.832	-3.962	0.642
744	20	12	12	0	87.829	-6.42	-6.036	0.523
711	3	3	40	0	91.904	-8.969	36.142	0.275
678	40	3	40	0	78.321	-33.98	15.569	0.25
645	0	0	0	75	41.845	-1.14	8.203	0.033
612	55	55	55	0	56.393	-6.255	-2.253	0.144
579	100	10	30	0	51.869	-44.153	-33.795	0.147
546	20	10	30	0	86.392	-12.439	13.161	0.292
513	70	10	100	20	50.546	-49.566	47.992	0.048
480	20	0	10	10	85.782	-12.75	-0.747	0.419
447	0	0	0	95	23.737	-0.048	8.589	0.061
414	20	70	55	0	60.379	29.001	13.847	0.181
381	7	7	0	7	90.662	-0.272	-8.16	0.559
348	40	40	55	0	66.839	-8.928	12.095	0.198
315	40	10	40	0	77.348	-28.782	10.816	0.234
282	30	40	10	0	72.563	9.849	-22.278	0.445
249	0	40	40	60	44.058	8.973	21.624	0.035
216	20	70	0	60	34.647	24.441	-11.465	0.113
183	0	10	30	0	91.178	-1.323	23.437	0.336
150	70	30	10	0	60.746	-16.781	-39.823	0.257
117	20	70	20	40	45.882	27.644	-6.996	0.111
84	20	100	40	0	43.071	58.472	-2.052	0.155
51	10	40	10	0	79.195	19.948	-12.372	0.473
18	100	0	100	10	47.651	-72.868	29.952	0.074
1603	0	55	10	0	73.877	35.837	-12.125	0.443
1570	55	20	10	0	70.687	-19.545	-28.917	0.363
1537	100	30	40	0	43.415	-36.34	-32.318	0.111
1504	0	0	40	80	36.399	-3.444	27.401	0.051
1471	55	0	20	0	75.545	-39.208	-10.728	0.276
1438	55	85	85	0	37.674	8.981	19.736	0.061
1405	40	70	55	0	53.468	14.972	4.192	0.162
1372	10	20	70	20	73.528	-5.54	56.573	0.087
1339	70	0	0	60	38.719	-24.771	-14.596	0.057
1306	3	3	0	0	95.147	-0.541	-6.494	0.616
1273	55	40	100	0	51.795	-23.253	51.609	0.042
1240	7	0	0	0	94.835	-4.145	-7.003	0.598
1207	40	20	20	10	74.156	-14.233	-8.446	0.338
1174	10	10	10	20	81.97	-2.82	2.097	0.378
1141	70	0	70	60	34.713	-38.054	19.128	0.059
1108	10	70	0	0	66.278	47.537	-28.079	0.495
1075	40	100	0	80	15.552	24.277	-9.947	0.034
1042	10	40	70	20	67.216	7.925	46.097	0.072
1009	55	85	100	0	38.237	7.883	33.673	0.064
976	20	30	10	0	81.212	7.207	-13.579	0.443
943	3	3	3	40	68.734	-1.649	4.186	0.25
910	40	20	40	60	41.503	-13.279	12.98	0.065
877	100	40	20	60	22.551	-14.044	-23.911	0.073
844	100	40	40	60	21.551	-20.424	-16.518	0.04
811	85	100	100	0	26.233	-2.677	13.2	0.029
778	0	20	0	0	90.515	11.284	-10.299	0.62
745	0	20	10	0	89.408	9.139	-0.152	0.479
712	30	100	10	0	41.904	61.322	-25.78	0.211
679	100	85	55	0	26.419	-3.78	-28.182	0.114
646	0	15	0	0	91.986	7.889	-8.685	0.62
613	70	20	40	40	45.094	-31.032	-3.723	0.071
580	70	0	20	40	50.571	-36.35	-9.923	0.126
547	70	0	30	0	68.688	-51.334	-11.056	0.218
514	70	10	70	10	57.649	-57.646	24.099	0.083
481	30	85	70	0	46.588	30.786	19.864	0.08
448	55	100	20	0	31.075	46.053	-33.71	0.15
415	20	85	10	0	54.635	54.276	-25.622	0.304
382	70	40	20	40	41.485	-12.063	-20.566	0.102
349	40	70	10	20	50.004	27.885	-28.371	0.255
316	100	0	40	60	28.746	-37.67	-9.589	0.05
283	100	100	20	0	22.96	24.827	-51.751	0.125
250	0	20	40	60	48.577	0.751	27.542	0.081
217	0	20	70	0	84.501	2.115	62.196	0.088
184	20	20	30	0	84.257	-5.923	9.116	0.318
151	40	0	100	20	65.976	-31.465	71.121	0.061
118	0	55	0	0	74.275	37.896	-21.23	0.501
85	70	100	0	60	17.34	25.036	-25.05	0.052
52	0	100	10	0	51.209	73.121	-10.351	0.204
19	85	70	85	0	36.479	-21.38	5.637	0.06
1604	70	70	40	10	41.984	2.133	-23.198	0.142
1571	0	85	70	0	59.03	51.118	36.362	0.06
1538	70	0	10	10	68.45	-40.268	-26.788	0.287
1505	10	40	30	0	78.165	15.512	7.003	0.376
1472	0	100	0	60	28.18	43.173	-5.503	0.104
1439	100	20	100	20	34.125	-59.26	23.626	0.053
1406	0	70	40	20	60.054	37.06	15.855	0.161
1373	10	30	100	0	75.411	4.861	86.706	0.006
1340	0	40	10	0	80.702	23.544	-6.565	0.448
1307	40	0	0	0	83.768	-20.612	-23.05	0.486
1274	0	70	20	0	67.495	45.848	-6.52	0.298
1241	30	0	30	0	83.958	-24.94	11.647	0.338
1208	40	70	100	80	20.561	4.851	16.322	0.008
1175	70	40	0	80	21.69	-5.26	-13.394	0.059
1142	0	10	40	20	80.273	-4.083	37.019	0.167
1109	70	20	40	10	59.06	-40.288	-8.41	0.175
1076	70	0	0	10	69.422	-35.153	-35.472	0.248
1043	40	100	10	20	33.93	51.998	-27.05	0.161
1010	40	70	100	20	43.759	8.492	44.34	0.084
977	10	55	85	0	67.129	21.208	58.241	0.039
944	85	55	10	0	46.104	0.179	-52.067	0.218
911	0	85	85	0	58.588	51.032	49.384	0.062
878	70	40	70	40	38.52	-24.308	9.45	0.078
845	20	12	12	10	84.186	-6.541	-3.591	0.449
812	0	100	0	0	51.507	75.221	-16.203	0.271
779	20	40	40	10	72.509	7.13	12.039	0.239
746	0	40	3	3	81.096	24.665	-13.22	0.495
713	10	85	100	0	53.907	45.218	59.15	0.039
680	55	100	10	0	32.918	50.654	-39.321	0.243
647	70	0	40	40	49.254	-41.45	3.28	0.069
614	0	40	0	20	74.042	20.694	-10.325	0.477
581	20	70	20	60	34.292	21.269	-1.681	0.116
548	70	85	55	0	36.027	7.963	-13.383	0.088
515	70	0	70	10	61.066	-63.375	27.164	0.041
482	40	70	0	80	21.784	14.531	-10.427	0.065
449	70	30	30	0	59.423	-26.323	-23.697	0.195
416	100	20	20	40	35.992	-27.457	-29.687	0.097
383	55	20	85	0	60.341	-42.512	45.508	0.076
350	0	70	100	60	35.193	21.856	38.981	0.029
317	70	0	100	0	60.399	-59.841	59.61	0.005
284	20	0	70	40	60.706	-18.312	49.521	0.087
251	55	10	55	0	68.602	-45.713	17.936	0.183
218	40	85	55	0	44.78	27.568	0.775	0.15
185	10	0	55	0	88.641	-16.349	48.761	0.165
152	30	55	85	0	59.385	6.481	45.048	0.077
119	70	70	10	10	44.211	16.993	-44.796	0.266
86	7	7	7	7	90.795	-2.218	-2.032	0.509
53	40	70	70	60	28.926	8.391	13.809	0.026
20	10	100	85	0	45.959	58.022	37.463	0.107
1605	85	0	85	0	55.191	-74.048	30.694	0.046
1572	10	20	100	20	70.538	-2.151	81.654	0.016
1539	40	30	40	0	72.24	-13.609	2.619	0.249
1506	20	20	40	0	83.093	-7.847	18.926	0.248
1473	20	55	55	0	66.841	17.398	19.636	0.171
1440	10	85	30	0	57.324	53.018	-5.221	0.24
1407	100	40	70	20	33.208	-39.142	-8.534	0.04
1374	10	0	0	0	93.925	-5.443	-8.344	0.651
1341	0	0	7	7	93.657	-2.409	4.06	0.508
1308	85	0	10	0	64.884	-41.837	-38.584	0.233
1275	20	10	85	0	79.853	-18.879	70.211	0.098
1242	20	0	100	0	82.238	-20.765	91.899	0.036
1209	20	0	100	20	72.883	-17.574	84.23	0.007
1176	0	40	20	0	79.951	21.84	2.304	0.354
1143	100	0	20	20	50.008	-43.601	-33.123	0.066
1110	85	85	10	0	33.126	25.01	-55.428	0.167
1077	40	70	0	0	56.842	35.081	-42.097	0.377
1044	55	10	100	0	62.671	-43.608	65.337	0.014
1011	20	12	12	60	48.69	-4.68	6.301	0.077
978	100	70	10	0	35.834	8.595	-58.963	0.171
945	55	85	70	0	39.672	11.779	7.351	0.113
912	55	40	70	0	58.719	-24.203	19.055	0.143
879	0	0	5	0	96.602	-2.032	1.003	0.549
846	0	10	40	10	86.781	-3.27	34.31	0.188
813	40	0	10	10	79.564	-24.048	-9.624	0.344
780	40	0	20	20	73.333	-26.144	2.023	0.207
747	20	70	0	20	57.291	38.838	-25.922	0.264
714	40	40	85	0	61.543	-13.345	45.603	0.04
681	0	100	0	70	23.876	37.716	-3.557	0.041
648	40	3	0	40	60.697	-15.366	-10.237	0.175
615	20	100	0	20	41.841	61.495	-22.42	0.191
582	20	70	40	40	45.311	23.223	6.175	0.138
549	100	70	20	0	33.388	2.68	-51.832	0.093
516	30	0	0	0	87.419	-15.325	-18.017	0.526
483	30	55	0	0	66.477	25.874	-34.486	0.439
450	30	70	100	0	52.269	17.611	55.104	0.023
417	30	85	20	0	50.829	45.34	-22.666	0.327
384	40	20	30	0	75.967	-18.209	-3.175	0.277
351	70	0	70	0	63.285	-66.445	27.897	0.088
318	100	10	40	0	50.108	-50.818	-26.092	0.102
285	85	30	55	0	49.169	-43.77	-10.127	0.107
252	20	30	30	0	80.528	1.831	4.65	0.36
219	30	85	100	0	46.731	28.588	47.666	0.074
186	40	70	20	10	53.523	25.918	-23.983	0.28
153	40	100	70	20	29.739	34.575	8.715	0.016
120	10	0	10	20	82.605	-7.415	5.96	0.329
87	20	55	40	0	68.065	20.309	4.766	0.272
54	40	20	20	60	42.432	-9.702	2.856	0.083
21	10	6	6	80	35.746	-1.777	8.055	0.052
1606	70	100	20	60	14.629	18.734	-18.42	0.034
1573	20	0	20	40	64.35	-12.565	12.838	0.151
1540	40	55	70	0	59.063	-0.011	22.383	0.117
1507	0	0	90	0	90.09	-9.631	90.742	0.015
1474	0	70	70	0	65.593	39.156	41.032	0.091
1441	70	30	100	0	48.748	-40.14	46.422	0.01
1408	10	10	40	20	79.042	-8.814	31.853	0.198
1375	0	7	0	0	94.897	3.267	-6.205	0.607
1342	40	70	0	10	54.981	33.47	-38.887	0.279
1309	55	70	70	0	48.371	0.982	8.753	0.143
1276	70	40	70	80	21.066	-13.324	8.202	0.077
1243	20	20	0	40	62.481	0.101	-6.246	0.178
1210	0	30	55	0	82.233	9.238	41.675	0.207
1177	0	70	85	0	65.019	39.027	57.604	0.024
1144	100	40	85	0	34.691	-49.591	4.895	0.016
1111	40	0	30	0	80.157	-32.159	7.018	0.319
1078	20	10	40	0	85.601	-14.69	23.263	0.309
1045	100	0	100	70	23.255	-39.846	16.567	0.039
1012	100	70	20	60	17.434	-2.881	-26.774	0.051
979	55	20	20	0	70.312	-23.692	-19.065	0.289
946	70	100	85	0	26.152	9.784	9.878	0.078
913	10	30	40	0	81.894	5.321	21.046	0.265
880	55	0	10	0	77.178	-33.693	-20.372	0.413
847	0	85	0	0	60.826	63.6	-23.136	0.375
814	0	100	85	0	50.971	64.54	42.595	0.035
781	3	40	40	3	77.703	17.219	21.264	0.275
748	100	40	40	0	40.766	-28.496	-34.341	0.142
715	70	70	0	10	45.351	21.328	-51.91	0.262
682	0	20	20	60	49.172	2.27	15.637	0.071
649	40	0	0	20	75.518	-19.32	-15.862	0.348
616	0	70	20	40	49.592	32.542	1.265	0.143
583	30	20	55	0	76.781	-17.656	29.08	0.216
550	40	10	70	20	65.827	-32.386	41.955	0.068
517	3	40	0	0	81.346	24.664	-18.005	0.586
484	100	70	70	0	30.354	-20.38	-16.141	0.051
451	20	0	70	10	79.666	-24.296	59.646	0.094
418	0	80	0	0	62.617	60.849	-24.341	0.438
385	70	0	100	80	25.046	-22.763	20.65	0.039
352	20	0	0	0	90.61	-10.388	-13.154	0.56
319	70	20	20	10	61.237	-30.723	-25.409	0.238
286	70	10	10	10	65.463	-33.554	-29.979	0.26
253	80	65	65	100	10.975	-3.386	-1.109	0.002
220	100	70	40	0	31.563	-7.021	-37.943	0.115
187	70	70	100	40	28.029	-9.254	20.197	0.034
154	85	20	10	0	57.22	-27.54	-45.255	0.276
121	10	100	10	0	49.23	69.76	-15.908	0.247
88	20	20	40	20	74.546	-8.284	22.398	0.234
55	40	30	20	0	73.149	-7.442	-15.408	0.371
22	85	30	10	0	54.069	-19.534	-47.848	0.22
1607	100	40	55	0	38.909	-36.759	-22.01	0.12
1574	40	55	55	0	60.88	3.931	5.425	0.187
1541	70	40	40	60	30.424	-14.182	-5.303	0.075
1508	10	0	70	0	87.601	-17.657	64.412	0.093
1475	0	7	7	7	91.825	1.237	1.714	0.513
1442	0	20	0	60	50.467	4.381	3.623	0.124
1409	0	7	0	7	92.452	2.652	-4.926	0.513
1376	40	10	20	20	72.101	-20.842	-1.101	0.276
1343	20	20	100	40	55.571	-6.054	63.381	0.094
1310	20	85	30	0	54.016	48.023	-9.532	0.222
1277	30	100	20	0	41.14	58.493	-18.887	0.188
1244	0	0	20	0	95.375	-5.338	17.203	0.372
1211	70	40	10	20	51.551	-8.792	-35.581	0.26
1178	70	85	0	0	41.718	35.168	-55.538	0.341
1145	85	70	100	0	32.641	-24.298	22.108	0.046
1112	70	10	40	0	64.221	-50.671	-4.486	0.208
1079	40	70	40	20	49.958	17.517	-5.707	0.138
1046	10	0	10	0	92.868	-8.072	1.361	0.5
1013	0	7	7	0	94.224	1.427	0.852	0.574
980	40	10	40	10	74.748	-27.996	13.814	0.148
947	3	0	0	0	96.061	-2.205	-5.252	0.578
914	0	20	0	40	66.444	5.623	-0.192	0.259
881	85	20	100	0	44.262	-57.804	36.956	0.057
848	0	10	0	10	89.985	4.074	-4.912	0.523
815	100	20	10	20	45.444	-24.449	-45.12	0.133
782	100	40	30	0	42.105	-22.225	-41.798	0.155
749	100	0	100	60	26.735	-45.607	18.006	0.015
716	70	100	20	20	24.025	35.642	-36.384	0.127
683	3	40	0	40	60.127	15.26	-5.565	0.191
650	55	0	100	0	66.792	-48.774	69.484	0.062
617	0	0	0	10	92.545	-0.862	-2.435	0.501
584	70	40	0	20	51.712	-4.859	-41.922	0.22
551	10	40	0	0	79.869	22.163	-20.691	0.488
518	40	40	70	60	36.588	-6.143	20.539	0.079
485	70	0	0	0	72.125	-35.696	-38.465	0.348
452	100	70	30	0	32.513	-2.181	-45.185	0.135
419	10	0	20	0	91.629	-10.526	11.55	0.441
386	20	12	12	40	63.99	-6.057	3.125	0.21
353	100	0	0	80	21.274	-19.81	-18.324	0.076
320	30	40	0	0	72.433	13.646	-31.144	0.447
287	70	100	0	80	12.823	15.483	-16.599	0.028
254	70	40	70	20	46.666	-29.078	8.335	0.068
221	70	0	100	20	54.37	-53.712	52.675	0.034
188	40	0	85	0	73.857	-43.482	63.337	0.02
155	70	30	40	0	58.345	-31.857	-13.808	0.149
122	40	100	70	60	18.484	22.763	5.946	0.057
89	40	0	70	10	72.488	-41.051	47.108	0.08
56	100	100	100	100	9.744	-1.323	-1.949	0.031
23	0	20	40	0	86.451	4.073	30.826	0.241
1608	70	30	55	0	56.934	-38.452	0.643	0.099
1575	40	70	30	0	55.314	23.611	-18.29	0.247
1542	100	0	70	20	45.37	-67.312	2.286	0.119
1509	40	0	40	20	70.723	-32.793	20.063	0.162
1476	20	40	20	40	56.985	7.036	2.13	0.211
1443	20	10	0	20	79.125	-4.283	-9.816	0.374
1410	70	0	70	20	57.181	-58.677	24.983	0.07
1377	55	70	20	0	49.755	19.174	-33.461	0.243
1344	10	30	85	0	76.878	2.479	68.703	0.096
1311	80	65	65	40	31.318	-11.976	-5.239	0.045
1278	0	70	0	60	37.014	29.096	-6.838	0.076
1245	0	100	40	100	12.661	15.492	3.778	0.025
1212	70	0	0	80	26.762	-19.777	-9.325	0.091
1179	0	0	0	90	28.29	-0.416	8.208	0.025
1146	40	10	70	10	70.371	-35.062	42.505	0.119
1113	100	40	40	40	29.955	-24.522	-23.154	0.04
1080	0	2	0	0	96.42	0.418	-4.684	0.645
1047	20	30	40	0	79.773	-0.402	15.887	0.264
1014	55	70	10	0	51.317	23.881	-41.18	0.319
981	70	70	40	40	32.589	0.486	-15.246	0.124
948	100	40	70	80	15.371	-16.964	-1.52	0.045
915	20	10	70	20	72.742	-17.508	55.262	0.083
882	30	55	70	0	62.062	7.901	28.705	0.113
849	60	45	45	80	23.514	-6.818	1.876	0.055
816	20	0	100	60	46.032	-9.843	53.246	0.016
783	40	20	70	20	63.295	-26.396	36.794	0.099
750	98	0	0	0	58.595	-33.302	-52.899	0.224
717	10	55	70	0	68.177	21.9	41.543	0.136
684	20	85	85	0	49.865	37.134	39.415	0.069
651	85	55	100	0	35.127	-32.98	25.648	0.053
618	40	0	10	0	82.698	-24.67	-12.953	0.424
585	40	70	0	20	51.296	30.972	-34.74	0.293
552	100	100	40	100	8.097	2.641	-6.131	0.064
519	40	100	0	0	40.227	59.924	-38.084	0.267
486	0	0	3	40	69.531	-1.632	5.838	0.194
453	10	100	100	20	41.944	51.412	45.125	0.055
420	85	85	70	0	32.22	-4.535	-9.521	0.088
387	40	20	70	0	70.024	-29.319	37.941	0.13
354	70	20	30	0	62.77	-35.577	-19.484	0.239
321	100	0	20	40	40.36	-37.694	-25.731	0.087
288	40	10	40	20	69.688	-26.453	15.419	0.162
255	20	100	70	0	41.229	53.307	20.228	0.075
222	70	100	10	20	25.863	39.401	-40.942	0.126
189	0	0	100	80	35.929	-2.167	40.847	0.011
156	100	85	85	100	8.051	-3.398	-2.592	0.036
123	40	40	0	20	61.725	7.541	-28.167	0.31
90	100	0	70	60	27.566	-44.014	3.853	0.025
57	0	0	20	20	83.937	-5.025	19.916	0.262
24	70	100	40	40	19.403	21.789	-18.02	0.045
1609	70	20	70	60	30.944	-29.452	14.267	0.009
1576	100	100	70	40	15.714	-1.221	-14.167	0.047
1543	40	20	40	10	72.452	-21.264	9.093	0.209
1510	40	70	40	60	30.734	11.372	0.726	0.04
1477	30	10	40	0	81.641	-21.301	17.352	0.219
1444	70	40	20	60	30.854	-10.339	-13.07	0.05
1411	0	20	100	0	81.906	4.761	97.401	0.038
1378	20	100	70	60	23.071	31.974	13.115	0.022
1345	10	10	85	0	84.367	-11.312	78.167	0.052
1312	100	85	85	80	10.896	-7.302	-1.793	0.049
1279	70	10	10	0	68.295	-33.897	-32.975	0.282
1246	0	10	20	10	88.169	-0.365	14.653	0.423
1213	40	27	27	20	67.268	-11.421	-3.081	0.221
1180	10	55	30	0	71.875	27.425	1.502	0.369
1147	40	3	3	40	60.605	-16.208	-7.776	0.205
1114	20	100	40	60	23.751	34.2	2.772	0.054
1081	5	3	3	0	94.702	-2.29	-4.458	0.551
1048	70	40	20	0	56.819	-12.861	-34.006	0.257
1015	20	12	12	80	34.898	-3.412	6.936	0.058
982	55	20	40	0	68.4	-32.659	-0.137	0.228
949	10	20	20	0	87.389	2.056	4.319	0.362
916	40	55	85	0	56.256	-1.581	38.753	0.057
883	100	0	0	60	30.404	-25.225	-26.144	0.03
850	55	40	10	0	63.466	-2.396	-35.133	0.364
817	85	30	85	0	43.619	-50.987	19.041	0.063
784	85	10	30	0	58.612	-46.955	-25.57	0.181
751	10	6	6	40	67.187	-3.627	3.452	0.207
718	100	85	10	0	30.636	19.123	-59.545	0.139
685	40	0	40	40	57.602	-26.411	19.928	0.078
652	0	3	3	40	69.144	-0.673	5.636	0.18
619	100	100	10	20	21.961	24.748	-52.274	0.113
586	20	100	100	60	24.739	29.114	22.389	0.044
553	55	30	0	0	67.837	-5.888	-40.317	0.386
520	55	10	85	0	63.985	-50.476	51.362	0.094
487	20	0	20	0	88.466	-16.034	6.694	0.405
454	20	100	0	60	25.345	39.515	-10.211	0.044
421	70	40	0	0	57.883	-2.709	-50.1	0.327
388	20	0	0	20	81.021	-9.389	-7.056	0.423
355	20	40	20	60	42.414	5.531	4.609	0.05
322	40	20	100	60	37.219	-12.809	39.521	0.057
289	0	0	70	10	86.815	-10.072	69.737	0.049
256	20	20	100	0	74.693	-7.843	83.897	0.009
223	40	27	27	80	29.412	-5.547	5.941	0.067
190	10	40	10	20	72.267	15.891	-5.772	0.351
157	20	0	70	0	83.3	-25.233	58.711	0.092
124	20	100	20	40	33.113	47.379	-6.898	0.105
91	20	85	70	0	51.161	38.459	24.782	0.103
58	10	70	0	20	59.904	42.087	-21.881	0.37
25	10	10	70	10	81.51	-11.179	60.051	0.099
1610	0	20	100	40	59.713	2.276	72.102	0.011
1577	0	70	100	40	46.782	28.007	54.739	0.003
1544	100	0	20	0	55.914	-44.51	-39.161	0.178
1511	40	100	20	60	19.964	30.903	-9.474	0.071
1478	100	20	70	40	31.039	-45.959	-1.669	0.05
1445	70	100	70	40	18.449	12.654	-4.6	0.064
1412	55	0	0	0	78.48	-28.616	-29.665	0.457
1379	10	10	70	0	85.415	-11.523	62.443	0.117
1346	55	20	0	0	71.602	-14.323	-37.218	0.42
1313	0	70	70	80	26.528	17.025	20.875	0.062
1280	10	100	70	0	46.29	60.324	24.372	0.053
1247	40	40	3	3	68.97	7.775	-32.646	0.412
1214	85	0	40	0	61.266	-58.301	-13.755	0.166
1181	3	40	40	0	78.52	17.604	20.539	0.276
1148	0	100	40	0	51.085	69.141	9.506	0.14
1115	3	3	3	3	94.359	-1.314	-3.145	0.564
1082	20	20	40	60	46.865	-5.35	20.453	0.083
1049	20	40	30	0	75.887	10.368	0.541	0.321
1016	100	70	10	20	31.511	5.943	-52.222	0.099
983	10	40	40	20	70.172	9.828	21.272	0.261
950	10	10	10	10	88.077	-2.585	-0.292	0.399
917	100	40	100	100	10.813	-6.323	0.249	0.08
884	10	40	10	10	77.049	18.153	-9.255	0.419
851	100	0	100	80	19.708	-31.21	10.524	0.042
818	70	20	20	60	34.326	-21.23	-8.592	0.062
785	0	20	0	20	80.937	7.923	-4.657	0.403
752	100	30	55	0	41.797	-44.312	-19.68	0.119
719	85	10	55	0	54.841	-60.009	-1.505	0.108
686	40	0	70	40	55.543	-30.528	39.291	0.06
653	10	20	70	10	78.51	-5.121	57.397	0.097
620	0	20	70	60	46.986	0.027	43.028	0.032
587	30	10	0	0	84.473	-8.444	-20.935	0.533
554	40	0	0	3	83.251	-20.468	-22.627	0.49
521	85	0	0	0	65.097	-36.165	-46.567	0.24
488	20	0	0	40	65.996	-8.286	-2.23	0.167
455	0	40	55	0	77.328	17.416	37.48	0.176
422	0	70	70	60	36.339	21.511	26.416	0.081
389	100	70	0	40	27.48	4.674	-44.941	0.069
356	0	0	20	0	95.009	-5.232	17.14	0.425
323	0	40	20	40	59.279	12.964	9.752	0.149
290	20	40	20	0	76.308	12.774	-7.657	0.364
257	0	0	60	0	92.147	-9.978	60.677	0.146
224	85	20	85	0	46.196	-58.631	22.886	0.034
191	10	55	10	0	73	31.78	-16.379	0.457
158	20	100	85	0	42.091	50.512	32.74	0.059
125	40	0	0	100	17.187	-5.528	2.186	0.02
92	20	20	20	20	76.307	-4.207	4.633	0.309
59	40	100	40	20	32.438	42.574	-9.362	0.124
26	55	10	30	0	72.743	-35.632	-5.63	0.263
1611	0	30	0	0	86.472	18.242	-13.558	0.579
1578	20	10	55	0	83.422	-17.067	38.951	0.236
1545	0	3	40	40	67.063	-6.114	36.328	0.07
1512	70	20	0	10	62.676	-19.501	-41.766	0.274
1479	30	30	0	0	77.228	5.184	-27.214	0.508
1446	0	0	2	0	96.781	-1.211	-2.012	0.641
1413	40	100	20	20	33.733	48.59	-20.957	0.185
1380	55	20	55	0	66.315	-37.867	14.757	0.133
1347	60	45	45	20	52.965	-14.259	-7.937	0.139
1314	0	10	0	20	83.477	3.189	-2.042	0.381
1281	40	40	70	20	58.3	-10.851	27.816	0.105
1248	70	70	40	0	44.236	2.589	-24.817	0.17
1215	30	20	100	0	70.642	-15.876	77.27	0.021
1182	0	10	100	0	85.768	-1.556	101.72	0.001
1149	0	20	100	20	73.009	3.554	88.242	0.028
1116	0	85	0	0	60.336	65.096	-23.412	0.389
1083	0	40	100	80	30.927	6.671	33.844	0.026
1050	0	100	70	60	28.03	37.71	18.55	0.018
1017	0	20	40	40	63.472	0.69	31.154	0.119
984	40	100	20	0	37.065	53.779	-24.822	0.209
951	40	0	0	60	46.25	-13.25	-3.795	0.074
918	100	10	10	20	47.995	-30.753	-43.036	0.097
885	55	55	20	0	57.378	5.702	-30.476	0.278
852	55	40	20	0	63.109	-6.87	-27.117	0.284
819	0	0	100	40	63.295	-4.495	77.098	0.02
786	0	40	30	0	79.208	20.475	12.384	0.321
753	40	70	70	20	46.959	11.547	16.144	0.082
720	0	70	0	40	49.796	36.651	-12.22	0.201
687	0	70	40	60	36.845	23.452	14.491	0.062
654	20	55	85	0	63.286	14.671	51.607	0.054
621	40	40	40	60	37.992	-3.157	7.415	0.074
588	70	40	55	0	54.94	-28.254	-4.076	0.153
555	20	55	20	0	69.719	25.058	-12.711	0.382
522	0	30	30	0	83.713	12.18	16.385	0.358
489	70	100	100	20	27.485	8.632	19.418	0.029
456	0	70	100	20	57.287	35.102	67.395	0.014
423	30	0	0	0	87.268	-15.014	-17.971	0.482
390	85	85	55	0	31.515	0.855	-21.635	0.106
357	40	70	70	80	21.64	6.318	11.144	0.027
324	55	20	70	0	63.391	-41.62	29.886	0.108
291	40	55	100	0	53.624	-0.553	54.68	0.037
258	40	70	20	40	41.294	19.451	-13.605	0.133
225	0	55	40	0	72.534	30.362	16.987	0.271
192	100	10	20	20	47.209	-36.413	-35.803	0.103
159	70	55	70	0	49.225	-20.051	3.593	0.103
126	40	70	20	0	55.578	27.299	-26.044	0.269
93	20	70	40	20	55.706	28.392	4.482	0.147
60	40	0	40	80	31.256	-14.804	16.815	0.018
27	10	100	20	20	43.947	61.185	-6.418	0.187
1612	80	65	65	80	16.926	-5.988	-1.224	0.121
1579	55	30	30	0	66.616	-20.165	-14.875	0.298
1546	3	0	40	0	92.594	-10.564	37.112	0.252
1513	100	40	100	20	29.562	-44.482	15.372	0.044
1480	3	0	40	40	66.496	-7.795	35.065	0.119
1447	0	40	40	80	31.846	6.649	18.396	0.022
1414	20	40	40	0	74.787	8.578	10.884	0.312
1381	100	100	30	0	22.199	19.408	-46.196	0.101
1348	100	20	70	0	42.19	-60.249	-3.336	0.096
1315	20	40	100	20	61	4.157	68.987	0.017
1282	70	10	100	0	56.12	-54.036	55.77	0.046
1249	30	30	55	0	73.895	-9.934	23.981	0.198
1216	100	85	0	0	32.813	23.843	-65.89	0.177
1183	10	20	40	20	76.729	-3.321	28.722	0.192
1150	20	40	10	0	76.574	15.824	-16.452	0.456
1117	0	40	100	100	18.659	5.599	15.425	0.056
1084	20	70	85	0	57.025	25.644	46.006	0.041
1051	20	70	40	60	33.762	18.871	8.012	0.059
1018	0	40	70	40	57.039	10.014	44.084	0.085
985	30	10	10	0	84.575	-11.852	-11.871	0.481
952	70	20	0	40	47.271	-18.922	-27.063	0.155
919	100	10	10	0	53.978	-31.456	-49.227	0.151
886	40	70	40	80	21.446	8.938	1.927	0.089
853	60	45	45	60	32.131	-9.743	-0.085	0.096
820	10	40	100	20	64.547	9.936	75.094	0.048
787	40	40	40	80	27.567	-1.554	8.04	0.026
754	10	70	10	0	65.866	45.369	-19.704	0.409
721	100	70	40	80	11.316	-4.162	-12.522	0.099
688	70	20	20	40	46.229	-25.169	-15.117	0.121
655	0	55	20	0	73.702	33.892	-2.855	0.357
622	10	40	20	0	79.024	17.443	-1.914	0.435
589	10	20	10	0	88.07	4.603	-5.421	0.554
556	0	3	40	0	92.82	-6.797	37.954	0.286
523	40	40	0	10	66.955	8.681	-31.687	0.378
490	60	45	45	100	12.592	-3.491	1.223	0.017
457	70	40	40	80	21.102	-9.835	-1.918	0.072
424	20	0	40	40	62.76	-15.719	27.688	0.136
391	100	55	85	0	31.399	-37.098	-0.289	0.031
358	40	0	55	0	77.01	-39.465	30.561	0.181
325	40	85	100	0	43.167	20.312	43.133	0.051
292	100	70	100	40	20.591	-20.547	6.558	0.043
259	0	40	10	10	77.861	21.143	-4.209	0.412
226	0	40	100	40	55.469	11.357	66.206	0
193	40	20	40	20	67.806	-19.845	10.968	0.188
160	70	0	20	0	70.055	-45.27	-20.392	0.289
127	40	40	0	100	15.015	1.765	-2.106	0.056
94	55	10	70	0	66.655	-48.909	33.348	0.143
61	30	85	10	0	51.628	49.007	-29.562	0.302
28	20	100	100	40	32.673	37.523	31.841	0.028
1613	70	40	100	80	18.709	-12.495	13.699	0.033
1580	20	70	70	0	58.805	26.786	30.194	0.148
1547	40	30	30	0	73.277	-10.011	-7.285	0.267
1514	40	20	40	0	75.068	-21.284	6.841	0.243
1481	0	70	0	0	68.095	51.397	-23.536	0.479
1448	40	20	20	0	76.723	-13.895	-11.472	0.39
1415	20	100	40	40	31.753	44.941	1.22	0.034
1382	2	0	0	0	96.192	-1.717	-5.169	0.635
1349	70	100	40	60	13.39	15.281	-11.856	0.026
1316	55	10	40	0	71.201	-40.384	4.768	0.215
1283	0	0	70	80	36.412	-3.944	36.869	0.018
1250	10	6	6	10	88.93	-3.619	-2.71	0.472
1217	0	0	70	0	91.648	-10.289	70.557	0.138
1184	20	10	10	0	88.636	-6.768	-6.976	0.504
1151	40	70	70	10	50.471	11.721	18.746	0.113
1118	7	0	7	0	94.135	-5.869	-0.144	0.575
1085	20	40	0	60	42.386	8.544	-4.945	0.083
1052	70	10	30	0	65.58	-44.739	-14.022	0.18
1019	70	40	40	20	49.847	-20.699	-15.128	0.162
986	85	40	40	0	48.237	-26.419	-26.097	0.161
953	20	40	10	10	73.806	15.026	-13.932	0.396
920	40	3	0	0	83.143	-18.52	-23.874	0.481
887	85	100	70	0	21.679	6.301	-10.899	0.083
854	0	0	70	0	91.505	-10.46	71.061	0.09
821	85	10	70	0	52.586	-65.055	12.749	0.049
788	100	0	20	60	29.13	-32.232	-18.759	0.026
755	20	100	100	20	39.584	45.101	40.742	0.033
722	70	0	40	80	25.42	-25.388	5.32	0.067
689	20	70	10	0	62.819	41.307	-24.825	0.35
656	0	40	3	40	60.329	15.424	-2.507	0.199
623	100	70	85	0	28.501	-26.398	-4.217	0.063
590	100	100	20	60	12.493	9.216	-25.9	0.031
557	40	10	20	0	79.94	-21.858	-6.621	0.348
524	40	70	40	0	55.448	20.302	-9.285	0.184
491	85	20	70	0	49.157	-57.826	8.639	0.091
458	10	40	55	0	75.97	11.591	31.822	0.171
425	20	10	10	20	79.062	-7.054	-1.228	0.345
392	40	40	100	0	59.19	-10.006	63.835	0.023
359	20	70	30	0	62.353	34.863	-7.367	0.337
326	30	30	20	0	77.553	-1.167	-9.271	0.388
293	3	0	40	3	91.592	-10.137	36.343	0.275
260	70	10	20	20	60.246	-35.613	-18.342	0.195
227	85	100	20	0	23.589	33.032	-46.87	0.15
194	85	55	20	0	44.48	-5.038	-44.555	0.2
161	0	55	30	0	73.125	32.124	6.459	0.292
128	40	20	40	40	55.393	-16.425	12.575	0.117
95	85	85	30	0	30.885	13.867	-39.937	0.111
62	70	70	0	60	24.7	10.203	-24.894	0.094
29	0	0	25	0	94.84	-6.01	22.355	0.379
1614	10	70	10	20	59.317	39.943	-14.465	0.285
1581	70	100	100	0	30.185	8.848	23.989	0.025
1548	3	3	40	3	91.196	-8.884	35.995	0.254
1515	85	70	10	0	40.983	11.85	-54.246	0.191
1482	0	10	100	20	75.634	-1.64	90.102	0.009
1449	55	85	40	0	41.113	23.341	-18.706	0.144
1416	85	10	0	0	61.565	-28.855	-50.162	0.253
1383	30	20	0	0	81.078	-1.019	-23.961	0.543
1350	70	0	70	80	24.305	-27.772	14.741	0.044
1317	0	40	0	80	32.357	9.234	2.459	0.07
1284	10	70	20	0	65.629	42.194	-10.892	0.331
1251	0	20	40	10	83.311	2.843	31.834	0.248
1218	0	100	70	20	46.205	58.235	28.233	0.066
1185	0	0	0	10	92.741	-0.862	-2.294	0.534
1152	0	40	40	10	75.434	17.117	23.06	0.237
1119	40	40	70	0	64.743	-12.288	27.891	0.109
1086	20	70	0	40	46.296	32.114	-18.421	0.206
1053	85	85	100	0	29.003	-13.11	16.385	0.017
1020	70	70	100	60	20.836	-7.028	14.28	0.019
987	80	0	0	0	67.151	-35.942	-44.575	0.333
954	40	100	70	80	14.683	15.191	3.367	0.031
921	30	20	10	0	81.508	-5.084	-15.12	0.47
888	100	100	40	80	8.297	3.133	-12.767	0.064
855	40	100	0	20	36.914	53.664	-31.231	0.192
822	55	100	40	0	29.285	37.657	-17.198	0.117
789	100	85	30	0	27.532	8.418	-45.902	0.113
756	40	40	100	20	53.737	-9.246	58.284	0.029
723	20	70	100	20	50.721	23.559	55.454	0.019
690	0	0	70	40	65.602	-6.975	58.065	0.055
657	40	10	0	20	73.284	-13.302	-18.251	0.341
624	100	40	40	80	14.619	-15.11	-10.94	0.034
591	85	0	70	0	56.581	-71.62	15.264	0.131
558	40	70	40	40	40.989	14.919	-2.7	0.129
525	100	100	70	20	18.868	0.145	-18.623	0.072
492	0	0	20	60	51.858	-3.555	19.151	0.122
459	70	0	10	0	71.216	-40.553	-29.533	0.301
426	40	55	10	0	63.156	17.643	-31.283	0.402
393	70	70	85	0	42.019	-11.087	14.357	0.072
360	40	30	100	0	62.566	-17.178	66.214	0.006
327	100	20	0	20	46.521	-19.3	-50.404	0.171
294	55	55	85	0	51.859	-12.106	28.498	0.055
261	0	0	40	100	21.257	-2.451	15.559	0.065
228	0	0	40	0	93.324	-8.33	38.782	0.302
195	70	20	40	60	33.165	-24.311	-0.561	0.089
162	70	55	30	0	50.988	-4.223	-30.482	0.218
129	0	20	55	0	85.617	2.318	45.072	0.23
96	3	3	0	3	94.277	-0.46	-6.158	0.593
63	40	20	0	10	74.776	-6.113	-25.119	0.442
30	40	100	100	0	39.036	32.157	36.473	0.03
1615	10	10	0	20	81.691	0.085	-6.124	0.432
1582	20	55	10	0	69.684	28.32	-21.707	0.46
1549	20	12	12	20	78.655	-6.488	-0.337	0.33
1516	55	0	55	0	71.237	-52.665	23.766	0.117
1483	20	55	70	0	65.042	15.629	36.285	0.066
1450	55	55	0	0	58.221	15.355	-46.152	0.401
1417	10	30	0	0	84.032	14.618	-18.014	0.575
1384	100	40	0	80	17.178	-7.928	-22.625	0.042
1351	70	40	85	0	48.089	-34.913	26.974	0.101
1318	100	0	0	20	50.882	-31.587	-46.756	0.15
1285	40	20	55	0	72.913	-25.135	22.469	0.169
1252	85	85	0	0	36.947	29.458	-61.63	0.232
1219	70	10	0	0	69.131	-27.576	-41.695	0.391
1186	0	40	0	100	18.154	4.943	3.371	0.021
1153	100	55	0	0	41.41	4.738	-63.988	0.149
1120	30	10	100	0	74.052	-22.495	82.048	0.053
1087	0	40	40	70	37.877	7.757	20.985	0.041
1054	60	0	0	0	76.362	-31.313	-33.061	0.429
1021	70	30	70	0	53.661	-43.141	16.211	0.077
988	10	20	10	20	79.123	2.419	-0.129	0.354
955	10	40	85	0	72.858	10.435	63.669	0.046
922	0	40	10	20	73.353	18.644	-1.271	0.304
889	100	40	0	20	40.753	-7.227	-54.118	0.135
856	0	30	20	0	84.407	13.994	6.501	0.438
823	10	0	100	20	75.702	-11.112	88.494	0.027
790	70	20	85	0	54.174	-51.974	35.424	0.07
757	0	100	30	0	50.998	71.047	2.431	0.156
724	40	30	0	0	73.543	1.048	-32.283	0.471
691	40	0	10	20	74.178	-22.979	-6.233	0.277
658	30	10	20	0	83.926	-15.635	-1.7	0.4
625	20	10	40	10	81.776	-14.411	25.159	0.191
592	20	100	0	40	33.819	50.524	-15.71	0.118
559	0	10	10	0	92.894	2.847	2.785	0.493
526	30	40	55	0	69.71	-0.978	19.578	0.156
493	85	10	100	0	48.408	-63.598	42.281	0.04
460	20	0	0	0	90.813	-10.227	-13.207	0.61
427	10	0	10	10	88.818	-7.681	3.283	0.444
394	30	85	30	0	50.279	42.911	-14.493	0.179
361	40	10	10	0	80.534	-17.743	-16.733	0.403
328	100	40	70	60	19.138	-25.34	-5.598	0.053
295	70	70	100	0	37.513	-12.818	30.681	0.013
262	0	0	0	40	69.787	-0.953	3.677	0.246
229	70	30	85	0	51.59	-42.999	30.57	0.056
196	20	20	0	0	84.307	3.757	-19.311	0.51
163	20	40	10	20	69.271	12.823	-10.479	0.331
130	85	20	55	0	52.217	-51.199	-6.044	0.137
97	30	70	85	0	53.205	18.142	38.775	0.09
64	0	0	0	100	19.989	-0.239	6.377	0.077
31	30	100	40	0	39.386	53.63	-5.814	0.176
1616	10	100	0	0	49.67	71.308	-20.799	0.223
1583	0	100	10	20	46.258	65.738	-7.465	0.184
1550	20	20	100	20	67.348	-7.899	75.605	0.004
1517	100	0	55	0	52.003	-64.87	-11.657	0.094
1484	20	40	100	0	67.703	5.033	76.814	0.012
1451	0	70	20	20	60.409	40.955	-2.196	0.212
1418	20	10	20	10	83.979	-9.909	5.073	0.384
1385	30	20	20	0	81.172	-8.7	-5.573	0.409
1352	0	0	3	0	96.618	-1.595	-1.012	0.558
1319	20	40	100	60	38.415	2.669	41.606	0.019
1286	10	6	6	0	92.78	-3.609	-5.294	0.533
1253	100	30	10	0	47.793	-17.049	-54.807	0.182
1220	30	10	30	0	82.694	-19.106	7.266	0.348
1187	85	30	100	0	40.657	-51.575	32.902	0.028
1154	40	70	0	40	41.522	24.903	-25.224	0.12
1121	40	40	20	60	38.199	-0.78	-1.437	0.099
1088	10	70	85	0	61.31	32.609	51.753	0.034
1055	85	0	20	0	62.932	-48.404	-30.171	0.241
1022	100	40	70	40	26.603	-34.143	-6.905	0.029
989	100	0	10	20	50.881	-36.347	-40.621	0.13
956	30	40	40	0	72.048	2.311	4.158	0.343
923	0	0	0	25	82.297	-0.642	1.032	0.344
890	20	85	100	0	50.018	37.692	52.537	0.014
857	100	20	20	60	26.554	-22.226	-21.317	0.076
824	20	40	40	40	56.035	3.967	15.207	0.13
791	55	30	40	0	65.995	-24.786	-4.837	0.196
758	10	10	10	0	91.982	-1.826	-3.077	0.541
725	0	0	10	10	91.527	-3.156	7.61	0.455
692	100	100	70	80	10.098	-2.09	-5.608	0.012
659	40	27	27	40	55.472	-10.265	1.072	0.063
626	0	85	40	0	60.113	54.686	8.989	0.22
593	30	30	10	0	77.262	2.093	-18.242	0.465
560	20	30	100	0	71.69	-1.844	79.923	0.019
527	70	20	0	60	34.621	-16.119	-17.563	0.094
494	20	20	10	10	81.879	-0.921	-7.582	0.433
461	0	20	70	20	75.556	-0.13	60.836	0.046
428	100	70	0	60	20.159	1.865	-32.455	0.07
395	0	85	20	0	59.842	59.732	-8.227	0.288
362	10	0	0	20	83.239	-4.976	-3.039	0.421
329	10	100	100	0	46.481	56.971	51.904	0.015
296	100	20	100	0	37.575	-65.198	25.09	0.016
263	20	100	30	0	44.2	61.393	-6.975	0.198
230	10	70	100	0	60.201	33.586	67.372	0.022
197	0	20	10	20	80.002	6.041	4.424	0.343
164	20	40	20	20	68.9	10.196	-2.319	0.275
131	20	85	55	0	52.291	41.133	11.213	0.127
98	40	70	20	60	30.321	15.327	-7.574	0.11
65	10	0	0	0	93.53	-5.411	-8.472	0.551
32	70	10	40	20	57.573	-44.255	-3.056	0.119
1617	0	70	70	10	62.962	37.008	40.521	0.088
1584	10	20	40	10	82.003	-2.38	26.066	0.249
1551	0	55	85	0	70.469	27.946	62.767	0.098
1518	70	40	30	0	55.96	-17.27	-27.007	0.232
1485	70	40	70	0	51.862	-32.953	11.16	0.077
1452	30	30	40	0	76.061	-6.745	9.26	0.249
1419	70	70	20	0	44.739	12.192	-39.803	0.224
1386	70	0	55	0	65.351	-62.099	13.132	0.089
1353	100	30	0	0	49.155	-11.756	-60.391	0.206
1320	10	30	20	0	83.519	9.426	1.173	0.401
1287	10	70	70	20	56.426	29.245	35.2	0.047
1254	10	100	40	0	47.284	64.429	3.025	0.162
1221	95	0	0	0	60.309	-32.842	-51.217	0.211
1188	90	0	0	0	62.444	-34.425	-49.356	0.186
1155	40	40	40	3	67.858	-4.502	-1.897	0.289
1122	30	0	20	0	85.064	-21.77	1.336	0.406
1089	70	20	55	0	59.274	-46.825	5.282	0.128
1056	85	40	85	0	41.236	-44.935	15.022	0.029
1023	10	0	20	20	81.146	-9.863	15.261	0.296
990	30	55	20	0	66.569	19.786	-17.862	0.337
957	7	7	0	0	93.214	0.278	-9.531	0.573
924	0	100	40	40	37.232	51.259	9.53	0.093
891	70	100	100	40	21.899	7.931	15.61	0.032
858	100	55	20	0	38.153	-7.983	-50.434	0.144
825	20	20	0	60	46.92	0.265	-1.552	0.091
792	70	0	100	60	33.507	-32.244	32.368	0.037
759	70	85	10	0	38.417	30.686	-48.618	0.226
726	0	0	70	20	80.399	-9.159	67.845	0.07
693	85	70	30	0	37.919	0.912	-39.124	0.131
660	3	40	3	3	80.852	23.8	-14.336	0.537
627	0	70	70	20	58.716	34.831	39.423	0.098
594	70	0	0	20	64.769	-33.013	-30.733	0.245
561	100	85	40	0	27.19	2.55	-38.448	0.15
528	20	10	20	0	87.413	-9.765	2.561	0.42
495	0	0	70	60	50.401	-5.314	47.225	0.017
462	70	85	30	0	35.928	20.166	-32.54	0.119
429	100	100	20	40	15.913	16.148	-38.665	0.082
396	70	100	30	0	25.336	35.935	-32.634	0.102
363	0	40	85	0	75.923	16.893	71.927	0.06
330	0	40	70	10	73.821	14.964	52.599	0.09
297	70	20	10	10	61.92	-25.518	-33.854	0.284
264	10	100	55	0	46.701	62.722	13.102	0.144
231	20	100	20	0	44.725	64.364	-13.099	0.237
198	10	85	20	0	57.809	55.886	-12.99	0.303
165	0	0	3	3	95.956	-1.297	-0.828	0.587
132	30	85	40	0	50.309	39.275	-6.627	0.24
99	40	100	70	40	24.317	29.597	7.934	0.086
66	20	20	70	0	78.545	-11.372	50.366	0.126
33	85	70	70	0	38.058	-16.545	-9.424	0.075
END_DATA