ISO28178
FILE_DESCRIPTOR	"FOGRA60"
ORIGINATOR	"Fogra, www.fogra.org, developed by GMG GmbH & Co. KG"
CREATED	"February 2021"
TARGET_TYPE	"ISO12642-2"
INSTRUMENTATION	"D50, 2 degree, geometry 45/0, no polarisation filter, white backing, according to ISO 13655:2009 M1"
PRINT_CONDITIONS	"Offset printing, according to ISO 12647-9:2021, White coated metal 1, fluorescence No, tone value increase curves A (CMYK)"

# The following flag is intended to improve compatibility with legacy devices.
KEYWORD "TRACEABILITY"
TRACEABILITY	"NIST"

NUMBER_OF_FIELDS	8
BEGIN_DATA_FORMAT
SAMPLE_ID	CMYK_C	CMYK_M	CMYK_Y	CMYK_K	LAB_L	LAB_A	LAB_B
END_DATA_FORMAT
NUMBER_OF_SETS	1617
BEGIN_DATA
1	0	100	20	0	41.623	61.696	6.965
2	0	85	20	0	45.508	54.112	5.442
3	0	70	20	0	51.407	43.609	5.642
4	0	55	20	0	57.653	32.930	6.040
5	0	40	20	0	63.531	23.179	7.253
6	0	30	20	0	67.776	16.619	8.294
7	0	20	20	0	72.477	9.819	9.566
8	0	10	20	0	77.288	3.070	10.843
9	0	0	20	0	82.553	-4.105	13.003
10	0	100	10	0	42.045	62.538	1.119
11	0	85	10	0	46.047	54.872	-0.782
12	0	70	10	0	51.857	44.257	-1.131
13	0	55	10	0	57.906	33.861	-1.044
14	0	40	10	0	63.971	23.931	-0.276
15	0	30	10	0	68.474	17.181	0.282
16	0	20	10	0	73.325	10.476	1.083
17	0	10	10	0	77.987	3.902	2.115
18	0	0	10	0	83.286	-3.320	3.899
19	0	100	0	0	42.000	64.000	-5.000
20	0	85	0	0	46.091	56.247	-7.223
21	0	70	0	0	52.205	45.314	-8.305
22	0	55	0	0	58.596	34.540	-8.975
23	0	40	0	0	64.896	24.249	-8.643
24	0	30	0	0	69.239	17.897	-8.282
25	0	20	0	0	73.835	11.764	-7.746
26	0	10	0	0	78.700	5.153	-7.119
27	0	0	0	0	84.000	-2.002	-6.000
28	0	100	0	20	35.479	55.407	-5.222
29	0	70	0	20	43.845	39.938	-7.609
30	0	40	0	20	54.504	22.157	-7.958
31	0	20	0	20	62.290	10.649	-6.966
32	0	10	0	20	66.561	4.637	-6.430
33	0	0	0	20	71.210	-1.662	-5.241
34	10	100	20	0	38.808	56.941	2.345
35	10	85	20	0	42.631	49.812	0.940
36	10	70	20	0	48.216	39.319	0.903
37	10	55	20	0	54.231	28.642	1.303
38	10	40	20	0	59.938	18.898	2.355
39	10	30	20	0	64.129	12.368	3.235
40	10	20	20	0	68.688	5.762	4.310
41	10	10	20	0	73.261	-0.829	5.318
42	10	0	20	0	78.253	-8.007	7.053
43	10	100	10	0	39.103	57.891	-3.537
44	10	85	10	0	42.942	50.642	-5.197
45	10	70	10	0	48.554	40.255	-5.709
46	10	55	10	0	54.743	29.453	-5.819
47	10	40	10	0	60.599	19.635	-5.190
48	10	30	10	0	64.781	13.196	-4.618
49	10	20	10	0	69.305	6.632	-3.838
50	10	10	10	0	73.929	0.116	-3.200
51	10	0	10	0	79.012	-6.955	-1.764
52	10	100	0	0	38.861	59.333	-9.517
53	10	85	0	0	43.273	51.668	-11.974
54	10	70	0	0	49.168	40.867	-12.916
55	10	55	0	0	55.289	30.399	-13.544
56	10	40	0	0	61.109	20.737	-13.447
57	10	30	0	0	65.312	14.386	-13.118
58	10	20	0	0	69.947	7.961	-12.593
59	10	10	0	0	74.539	1.601	-12.448
60	10	0	0	0	79.776	-5.572	-11.385
61	10	100	0	20	33.088	51.289	-9.053
62	10	70	0	20	41.109	36.408	-11.878
63	10	40	0	20	51.425	18.615	-12.083
64	10	20	0	20	59.090	7.267	-11.449
65	10	10	0	20	63.226	1.373	-10.895
66	10	0	0	20	67.318	-4.842	-9.932
67	20	100	20	0	36.090	52.317	-1.900
68	20	85	20	0	39.814	45.344	-3.400
69	20	70	20	0	45.151	35.093	-3.548
70	20	55	20	0	51.043	24.584	-3.097
71	20	40	20	0	56.461	15.123	-2.111
72	20	30	20	0	60.439	8.758	-1.345
73	20	20	20	0	64.928	2.240	-0.405
74	20	10	20	0	69.379	-4.207	0.373
75	20	0	20	0	74.418	-11.188	2.030
76	20	100	10	0	36.352	53.184	-7.832
77	20	85	10	0	40.015	46.108	-9.467
78	20	70	10	0	45.457	35.910	-10.044
79	20	55	10	0	51.471	25.426	-10.204
80	20	40	10	0	57.034	15.967	-9.629
81	20	30	10	0	61.045	9.673	-9.141
82	20	20	10	0	65.485	3.202	-8.541
83	20	10	10	0	70.032	-3.143	-8.075
84	20	0	10	0	75.101	-10.049	-6.629
85	20	100	0	0	36.380	54.557	-13.722
86	20	85	0	0	40.340	47.294	-15.952
87	20	70	0	0	46.200	36.523	-16.825
88	20	55	0	0	52.103	26.579	-17.663
89	20	40	0	0	57.670	17.279	-17.664
90	20	30	0	0	61.696	11.102	-17.557
91	20	20	0	0	66.131	4.776	-17.307
92	20	10	0	0	70.612	-1.598	-17.023
93	20	0	0	0	75.665	-8.484	-15.974
94	20	100	0	20	30.876	47.280	-12.628
95	20	70	0	20	38.449	33.039	-15.571
96	20	40	0	20	48.564	15.442	-15.886
97	20	20	0	20	55.897	4.382	-15.514
98	20	10	0	20	59.827	-1.379	-15.122
99	20	0	0	20	64.027	-7.556	-14.157
100	30	100	20	0	33.667	48.029	-5.973
101	30	85	20	0	37.343	41.049	-7.356
102	30	70	20	0	42.450	31.093	-7.469
103	30	55	20	0	48.047	20.901	-7.120
104	30	40	20	0	53.393	11.523	-6.172
105	30	30	20	0	57.283	5.271	-5.469
106	30	20	20	0	61.607	-1.115	-4.707
107	30	10	20	0	65.851	-7.532	-4.061
108	30	0	20	0	70.625	-14.309	-2.789
109	30	100	10	0	33.852	48.860	-11.770
110	30	85	10	0	37.494	41.840	-13.380
111	30	70	10	0	42.787	31.836	-13.881
112	30	55	10	0	48.699	21.608	-14.063
113	30	40	10	0	54.045	12.448	-13.529
114	30	30	10	0	57.860	6.354	-13.111
115	30	20	10	0	62.160	-0.025	-12.655
116	30	10	10	0	66.494	-6.256	-12.231
117	30	0	10	0	71.237	-13.276	-11.192
118	30	100	0	0	33.873	50.410	-17.588
119	30	85	0	0	37.539	43.672	-19.658
120	30	70	0	0	43.439	32.413	-20.271
121	30	55	0	0	49.164	22.772	-21.527
122	30	40	0	0	54.542	13.970	-21.564
123	30	30	0	0	58.481	7.982	-21.380
124	30	20	0	0	62.899	1.637	-21.254
125	30	10	0	0	67.373	-4.572	-21.157
126	30	0	0	0	71.859	-11.244	-20.377
127	40	100	0	20	26.869	40.032	-18.993
128	40	70	0	20	33.880	26.424	-22.078
129	40	40	0	20	43.240	9.828	-22.819
130	40	20	0	20	50.294	-1.024	-22.652
131	40	10	0	20	54.139	-6.600	-22.388
132	40	0	0	20	58.266	-12.457	-21.621
133	40	100	20	0	31.412	43.462	-9.833
134	40	85	20	0	34.867	36.733	-11.223
135	40	70	20	0	39.847	26.884	-11.264
136	40	55	20	0	45.136	16.917	-11.139
137	40	40	20	0	50.357	7.608	-10.395
138	40	30	20	0	54.144	1.435	-9.840
139	40	20	20	0	58.215	-4.806	-9.305
140	40	10	20	0	62.292	-11.156	-8.778
141	40	0	20	0	66.995	-17.842	-7.790
142	40	100	10	0	31.549	44.448	-15.510
143	40	85	10	0	35.037	37.786	-17.301
144	40	70	10	0	40.285	27.688	-17.683
145	40	55	10	0	45.824	17.758	-17.903
146	40	40	10	0	50.983	8.768	-17.522
147	40	30	10	0	54.727	2.760	-17.244
148	40	20	10	0	58.816	-3.444	-16.945
149	40	10	10	0	62.942	-9.652	-16.749
150	40	0	10	0	67.540	-16.503	-15.913
151	40	100	0	0	31.446	46.058	-21.168
152	40	85	0	0	35.186	39.375	-23.399
153	40	70	0	0	40.971	28.838	-24.415
154	40	55	0	0	46.454	19.130	-25.092
155	40	40	0	0	51.571	10.477	-25.217
156	40	30	0	0	55.424	4.598	-25.292
157	40	20	0	0	59.739	-1.669	-25.182
158	40	10	0	0	63.960	-7.772	-25.242
159	40	0	0	0	68.379	-14.231	-24.818
160	70	100	0	20	21.424	28.747	-28.064
161	70	70	0	20	27.919	15.538	-30.841
162	70	40	0	20	35.969	0.329	-32.397
163	70	20	0	20	42.213	-9.789	-32.955
164	70	10	0	20	45.751	-15.166	-33.211
165	70	0	0	20	49.488	-20.828	-33.101
166	55	100	20	0	27.989	36.660	-15.499
167	55	85	20	0	31.316	29.879	-17.035
168	55	70	20	0	35.956	20.279	-17.100
169	55	55	20	0	41.011	10.607	-17.059
170	55	40	20	0	45.986	1.617	-16.433
171	55	30	20	0	49.572	-4.383	-16.040
172	55	20	20	0	53.384	-10.476	-15.762
173	55	10	20	0	57.329	-16.581	-15.343
174	55	0	20	0	61.700	-23.240	-14.845
175	55	100	10	0	28.126	37.653	-21.073
176	55	85	10	0	31.552	31.191	-22.802
177	55	70	10	0	36.598	21.301	-23.181
178	55	55	10	0	41.662	11.845	-23.556
179	55	40	10	0	46.579	3.023	-23.372
180	55	30	10	0	50.189	-2.923	-23.288
181	55	20	10	0	54.024	-8.846	-23.247
182	55	10	10	0	57.987	-14.846	-23.224
183	55	0	10	0	62.269	-21.539	-22.712
184	55	100	0	0	27.672	39.346	-27.193
185	55	85	0	0	31.709	33.103	-29.089
186	55	70	0	0	37.160	23.100	-29.825
187	55	55	0	0	42.466	13.611	-30.758
188	55	40	0	0	47.232	5.061	-30.984
189	55	30	0	0	50.783	-0.741	-31.186
190	55	20	0	0	54.836	-6.689	-31.491
191	55	10	0	0	58.938	-12.573	-31.882
192	55	0	0	0	63.247	-18.777	-31.349
193	100	100	0	20	17.391	19.141	-34.317
194	100	70	0	20	23.604	6.369	-37.013
195	100	40	0	20	31.117	-7.999	-39.091
196	100	20	0	20	36.653	-17.640	-40.423
197	100	10	0	20	39.435	-22.637	-41.359
198	100	0	0	20	42.746	-27.983	-41.711
199	70	100	20	0	24.620	28.950	-20.863
200	70	85	20	0	27.794	22.588	-22.347
201	70	70	20	0	32.227	13.227	-22.779
202	70	55	20	0	37.144	3.774	-22.861
203	70	40	20	0	41.700	-4.619	-22.315
204	70	30	20	0	45.054	-10.449	-22.063
205	70	20	20	0	48.760	-16.640	-22.112
206	70	10	20	0	52.493	-22.618	-22.017
207	70	0	20	0	56.535	-29.071	-21.644
208	70	100	10	0	24.785	30.824	-26.274
209	70	85	10	0	27.994	24.413	-27.995
210	70	70	10	0	32.915	14.600	-28.583
211	70	55	10	0	37.664	5.483	-29.200
212	70	40	10	0	42.283	-2.853	-29.129
213	70	30	10	0	45.811	-8.623	-29.080
214	70	20	10	0	49.533	-14.459	-29.183
215	70	10	10	0	53.254	-20.359	-29.512
216	70	0	10	0	57.314	-26.563	-29.102
217	70	100	0	0	24.741	32.230	-32.677
218	70	85	0	0	28.362	26.135	-33.946
219	70	70	0	0	33.284	16.978	-34.824
220	70	55	0	0	38.371	7.655	-35.913
221	70	40	0	0	43.070	-0.684	-36.272
222	70	30	0	0	46.574	-6.225	-36.524
223	70	20	0	0	50.474	-11.800	-36.775
224	70	10	0	0	54.313	-17.362	-37.561
225	70	0	0	0	58.061	-23.510	-37.832
226	0	100	10	20	35.426	54.038	0.402
227	0	70	10	20	43.788	38.779	-1.501
228	0	40	10	20	54.008	21.139	-0.676
229	0	20	10	20	61.770	9.563	0.851
230	0	10	10	20	66.071	3.514	1.801
231	0	0	10	20	70.729	-2.802	3.323
232	85	100	20	0	21.625	21.431	-25.831
233	85	85	20	0	24.627	14.924	-27.156
234	85	70	20	0	28.870	5.615	-27.794
235	85	55	20	0	33.493	-3.748	-28.256
236	85	40	20	0	37.656	-11.873	-28.118
237	85	30	20	0	40.759	-17.526	-28.057
238	85	20	20	0	44.278	-23.620	-28.167
239	85	10	20	0	47.883	-29.643	-28.417
240	85	0	20	0	51.788	-36.055	-28.127
241	85	100	10	0	21.636	23.862	-31.160
242	85	85	10	0	24.766	17.216	-32.678
243	85	70	10	0	29.307	7.773	-33.517
244	85	55	10	0	34.028	-1.430	-34.250
245	85	40	10	0	38.336	-9.405	-34.407
246	85	30	10	0	41.549	-14.929	-34.611
247	85	20	10	0	45.001	-20.757	-35.054
248	85	10	10	0	48.569	-26.627	-35.559
249	85	0	10	0	52.428	-32.697	-35.392
250	85	100	0	0	21.757	25.441	-37.558
251	85	85	0	0	25.076	19.562	-39.044
252	85	70	0	0	29.563	10.568	-39.802
253	85	55	0	0	34.507	1.599	-40.813
254	85	40	0	0	39.072	-6.367	-41.322
255	85	30	0	0	42.396	-11.784	-41.801
256	85	20	0	0	45.758	-17.225	-42.573
257	85	10	0	0	49.377	-22.787	-43.449
258	85	0	0	0	53.329	-28.750	-43.626
259	10	100	10	20	33.071	49.977	-3.621
260	10	70	10	20	40.906	35.152	-5.622
261	10	40	10	20	50.868	17.573	-5.010
262	10	20	10	20	58.529	6.070	-3.792
263	10	10	10	20	62.619	0.135	-3.044
264	10	0	10	20	66.893	-6.133	-1.624
265	100	100	20	0	19.724	15.855	-29.407
266	100	85	20	0	22.475	9.485	-30.893
267	100	70	20	0	26.583	0.787	-31.359
268	100	55	20	0	31.009	-8.323	-32.046
269	100	40	20	0	35.132	-16.843	-32.329
270	100	30	20	0	37.976	-22.505	-32.518
271	100	20	20	0	41.054	-28.265	-32.580
272	100	10	20	0	44.581	-34.337	-33.038
273	100	0	20	0	47.891	-40.779	-33.005
274	100	100	10	0	19.649	18.631	-34.739
275	100	85	10	0	22.771	12.057	-35.945
276	100	70	10	0	27.076	2.994	-36.890
277	100	55	10	0	31.620	-5.781	-37.602
278	100	40	10	0	35.724	-13.708	-38.150
279	100	30	10	0	38.758	-19.267	-38.692
280	100	20	10	0	42.053	-25.011	-39.327
281	100	10	10	0	45.447	-30.700	-40.032
282	100	0	10	0	49.034	-36.733	-40.129
283	100	100	0	0	20.000	21.000	-40.000
284	100	85	0	0	22.979	15.383	-41.608
285	100	70	0	0	27.761	6.179	-42.528
286	100	55	0	0	32.244	-2.460	-44.050
287	100	40	0	0	36.290	-9.992	-45.031
288	100	30	0	0	39.443	-15.356	-45.703
289	100	20	0	0	42.957	-21.097	-46.383
290	100	10	0	0	46.275	-26.264	-47.391
291	100	0	0	0	50.000	-32.000	-48.000
292	20	100	10	20	30.847	45.934	-7.212
293	20	70	10	20	38.236	31.741	-9.363
294	20	40	10	20	47.904	14.353	-9.062
295	20	20	10	20	55.229	3.107	-8.003
296	20	10	10	20	59.226	-2.723	-7.420
297	20	0	10	20	63.568	-8.896	-5.952
298	0	100	55	0	41.451	59.251	24.224
299	0	85	55	0	45.066	52.549	24.698
300	0	70	55	0	50.289	42.366	26.853
301	0	55	55	0	56.024	31.880	29.891
302	0	40	55	0	61.662	22.394	33.355
303	0	30	55	0	66.036	15.408	35.793
304	0	20	55	0	70.671	8.293	38.238
305	0	10	55	0	75.357	1.415	40.972
306	0	0	55	0	80.811	-5.953	44.366
307	0	100	40	0	41.599	60.041	17.240
308	0	85	40	0	45.424	53.000	16.555
309	0	70	40	0	50.719	42.808	18.007
310	0	55	40	0	56.600	32.187	19.977
311	0	40	40	0	62.279	22.615	22.533
312	0	30	40	0	66.678	15.712	24.395
313	0	20	40	0	71.393	8.718	26.089
314	0	10	40	0	76.203	2.001	28.037
315	0	0	40	0	81.569	-5.315	30.833
316	0	100	30	0	41.699	60.433	12.397
317	0	85	30	0	45.639	53.287	11.083
318	0	70	30	0	51.038	42.878	11.899
319	0	55	30	0	57.087	32.307	13.069
320	0	40	30	0	62.799	22.690	14.900
321	0	30	30	0	67.188	15.936	16.417
322	0	20	30	0	71.960	9.151	17.922
323	0	10	30	0	76.743	2.358	19.484
324	0	0	30	0	82.112	-4.888	22.111
325	40	100	10	20	26.830	38.541	-13.766
326	40	70	10	20	33.639	25.020	-16.034
327	40	40	10	20	42.597	8.369	-16.199
328	40	20	10	20	49.595	-2.682	-15.363
329	40	10	10	20	53.422	-8.420	-14.866
330	40	0	10	20	57.514	-14.502	-13.910
331	10	100	55	0	38.683	53.954	19.273
332	10	85	55	0	42.182	47.696	19.678
333	10	70	55	0	47.306	37.619	22.091
334	10	55	55	0	52.880	27.207	24.881
335	10	40	55	0	58.289	17.495	27.844
336	10	30	55	0	62.423	10.725	30.088
337	10	20	55	0	66.912	3.984	32.557
338	10	10	55	0	71.397	-2.887	35.009
339	10	0	55	0	76.446	-10.236	38.367
340	10	100	40	0	38.772	55.185	12.535
341	10	85	40	0	42.471	48.497	11.943
342	10	70	40	0	47.686	38.260	13.376
343	10	55	40	0	53.439	27.664	15.037
344	10	40	40	0	58.963	17.937	17.071
345	10	30	40	0	63.118	11.281	18.676
346	10	20	40	0	67.634	4.629	20.487
347	10	10	40	0	72.184	-2.170	22.330
348	10	0	40	0	77.237	-9.388	24.913
349	10	100	30	0	38.784	56.025	7.738
350	10	85	30	0	42.629	49.013	6.715
351	10	70	30	0	47.889	38.720	7.373
352	10	55	30	0	53.855	27.936	8.290
353	10	40	30	0	59.457	18.242	9.763
354	10	30	30	0	63.627	11.677	10.992
355	10	20	30	0	68.164	5.110	12.443
356	10	10	30	0	72.768	-1.664	13.984
357	10	0	30	0	77.825	-8.770	16.048
358	70	100	10	20	21.553	26.582	-22.628
359	70	70	10	20	27.635	13.656	-24.943
360	70	40	10	20	35.534	-1.826	-25.822
361	70	20	10	20	41.701	-12.268	-25.976
362	70	10	10	20	45.205	-17.706	-25.845
363	70	0	10	20	48.952	-23.533	-25.458
364	20	100	55	0	36.148	49.248	15.142
365	20	85	55	0	39.446	42.860	15.404
366	20	70	55	0	44.358	33.050	17.577
367	20	55	55	0	49.676	22.982	19.927
368	20	40	55	0	54.910	13.462	22.796
369	20	30	55	0	58.881	6.798	24.984
370	20	20	55	0	63.167	0.099	27.064
371	20	10	55	0	67.682	-6.727	29.381
372	20	0	55	0	72.410	-14.003	32.428
373	20	100	40	0	36.186	50.217	8.231
374	20	85	40	0	39.666	43.707	7.594
375	20	70	40	0	44.700	33.765	8.797
376	20	55	40	0	50.220	23.554	10.240
377	20	40	40	0	55.563	14.026	12.250
378	20	30	40	0	59.513	7.507	13.830
379	20	20	40	0	63.813	0.904	15.424
380	20	10	40	0	68.381	-5.854	16.911
381	20	0	40	0	73.270	-13.013	19.314
382	20	100	30	0	36.172	50.966	3.427
383	20	85	30	0	39.811	44.393	2.216
384	20	70	30	0	44.941	34.312	2.758
385	20	55	30	0	50.640	23.899	3.669
386	20	40	30	0	56.030	14.412	5.103
387	20	30	30	0	59.969	8.016	6.225
388	20	20	30	0	64.318	1.499	7.545
389	20	10	30	0	68.905	-5.209	8.740
390	20	0	30	0	73.926	-12.271	10.743
391	100	100	10	20	17.439	16.568	-29.205
392	100	70	10	20	23.259	3.897	-31.762
393	100	40	10	20	30.636	-11.066	-33.037
394	100	20	10	20	36.134	-21.163	-33.825
395	100	10	10	20	39.088	-26.467	-34.372
396	100	0	10	20	42.273	-31.848	-34.507
397	30	100	55	0	33.746	44.496	11.349
398	30	85	55	0	36.783	38.572	11.663
399	30	70	55	0	41.675	28.838	13.444
400	30	55	55	0	46.873	18.799	15.568
401	30	40	55	0	51.965	9.384	18.283
402	30	30	55	0	55.740	2.944	20.284
403	30	20	55	0	59.846	-3.700	22.076
404	30	10	55	0	64.056	-10.517	24.134
405	30	0	55	0	68.933	-17.620	26.939
406	30	100	40	0	33.739	45.600	4.284
407	30	85	40	0	36.999	39.551	3.936
408	30	70	40	0	42.047	29.668	4.808
409	30	55	40	0	47.379	19.575	6.126
410	30	40	40	0	52.562	10.155	8.007
411	30	30	40	0	56.366	3.805	9.436
412	30	20	40	0	60.586	-2.752	10.816
413	30	10	40	0	64.816	-9.436	12.016
414	30	0	40	0	69.589	-16.542	14.141
415	30	100	30	0	33.657	46.605	-0.628
416	30	85	30	0	37.207	40.244	-1.521
417	30	70	30	0	42.324	30.226	-1.191
418	30	55	30	0	47.758	20.116	-0.302
419	30	40	30	0	52.998	10.713	1.052
420	30	30	30	0	56.848	4.391	2.066
421	30	20	30	0	61.142	-2.058	3.234
422	30	10	30	0	65.381	-8.627	4.093
423	30	0	30	0	70.064	-15.677	5.758
424	0	100	20	20	35.225	53.174	5.488
425	0	70	20	20	43.560	37.916	4.307
426	0	40	20	20	53.580	20.403	5.960
427	0	20	20	20	61.234	8.824	8.104
428	0	10	20	20	65.444	2.788	9.330
429	0	0	20	20	70.234	-3.583	11.110
430	40	100	55	0	31.343	40.009	7.639
431	40	85	55	0	34.346	34.110	7.897
432	40	70	55	0	39.061	24.314	9.314
433	40	55	55	0	43.998	14.405	11.154
434	40	40	55	0	48.853	5.064	13.433
435	40	30	55	0	52.508	-1.326	15.171
436	40	20	55	0	56.559	-7.863	16.935
437	40	10	55	0	60.589	-14.644	18.835
438	40	0	55	0	65.157	-21.685	21.138
439	40	100	40	0	31.322	41.179	0.514
440	40	85	40	0	34.515	35.205	0.107
441	40	70	40	0	39.486	25.201	0.788
442	40	55	40	0	44.501	15.281	1.857
443	40	40	40	0	49.496	5.920	3.390
444	40	30	40	0	53.205	-0.347	4.573
445	40	20	40	0	57.294	-6.772	5.840
446	40	10	40	0	61.348	-13.364	7.047
447	40	0	40	0	65.829	-20.286	8.686
448	40	100	30	0	31.315	42.085	-4.419
449	40	85	30	0	34.686	35.878	-5.410
450	40	70	30	0	39.766	25.841	-5.112
451	40	55	30	0	44.852	15.918	-4.464
452	40	40	30	0	49.972	6.588	-3.323
453	40	30	30	0	53.753	0.383	-2.475
454	40	20	30	0	57.815	-5.958	-1.552
455	40	10	30	0	61.903	-12.425	-0.697
456	40	0	30	0	66.352	-19.139	0.616
457	10	100	20	20	32.982	48.841	1.515
458	10	70	20	20	40.583	34.283	0.114
459	10	40	20	20	50.438	16.716	1.454
460	10	20	20	20	57.875	5.269	3.280
461	10	10	20	20	61.961	-0.698	4.373
462	10	0	20	20	66.432	-7.050	6.026
463	55	100	55	0	28.134	32.813	2.037
464	55	85	55	0	30.896	26.665	2.021
465	55	70	55	0	35.262	17.055	3.319
466	55	55	55	0	39.986	7.415	4.853
467	55	40	55	0	44.703	-1.697	6.719
468	55	30	55	0	48.122	-7.874	8.121
469	55	20	55	0	51.829	-14.443	9.492
470	55	10	55	0	55.611	-21.143	11.070
471	55	0	55	0	59.702	-28.026	13.131
472	55	100	40	0	28.092	34.273	-5.075
473	55	85	40	0	31.022	27.903	-5.746
474	55	70	40	0	35.570	18.100	-5.145
475	55	55	40	0	40.462	8.393	-4.339
476	55	40	40	0	45.381	-0.816	-3.177
477	55	30	40	0	48.794	-6.741	-2.266
478	55	20	40	0	52.518	-13.037	-1.324
479	55	10	40	0	56.377	-19.529	-0.342
480	55	0	40	0	60.571	-26.259	1.176
481	55	100	30	0	28.050	35.277	-9.981
482	55	85	30	0	31.158	28.796	-11.133
483	55	70	30	0	35.780	19.027	-10.877
484	55	55	30	0	40.774	9.194	-10.514
485	55	40	30	0	45.729	0.030	-9.716
486	55	30	30	0	49.196	-5.824	-9.081
487	55	20	30	0	53.007	-11.941	-8.377
488	55	10	30	0	57.011	-18.287	-7.762
489	55	0	30	0	61.247	-24.888	-6.621
490	20	100	20	20	30.765	44.687	-2.082
491	20	70	20	20	37.870	30.867	-3.671
492	20	40	20	20	47.374	13.519	-2.677
493	20	20	20	20	54.549	2.221	-1.049
494	20	10	20	20	58.547	-3.673	-0.066
495	20	0	20	20	62.991	-9.987	1.510
496	70	100	55	0	24.891	24.846	-3.834
497	70	85	55	0	27.512	18.639	-3.772
498	70	70	55	0	31.655	9.172	-2.688
499	70	55	55	0	36.193	-0.486	-1.367
500	70	40	55	0	40.479	-9.370	0.155
501	70	30	55	0	43.541	-15.428	1.256
502	70	20	55	0	46.937	-22.047	2.223
503	70	10	55	0	50.622	-28.771	3.233
504	70	0	55	0	54.699	-35.544	5.429
505	70	100	40	0	24.747	26.344	-11.075
506	70	85	40	0	27.614	20.159	-11.472
507	70	70	40	0	31.955	10.716	-10.875
508	70	55	40	0	36.687	1.095	-10.223
509	70	40	40	0	41.099	-7.755	-9.331
510	70	30	40	0	44.172	-13.670	-8.699
511	70	20	40	0	47.630	-20.107	-8.227
512	70	10	40	0	51.404	-26.540	-7.735
513	70	0	40	0	55.550	-33.049	-6.077
514	70	100	30	0	24.506	27.546	-15.996
515	70	85	30	0	27.714	21.313	-16.670
516	70	70	30	0	32.111	11.993	-16.425
517	70	55	30	0	37.010	2.280	-16.159
518	70	40	30	0	41.474	-6.493	-15.682
519	70	30	30	0	44.590	-12.293	-15.355
520	70	20	30	0	48.205	-18.573	-15.094
521	70	10	30	0	52.028	-24.798	-14.780
522	70	0	30	0	56.180	-31.170	-13.637
523	40	100	20	20	26.746	37.217	-8.931
524	40	70	20	20	33.359	23.879	-10.482
525	40	40	20	20	42.150	7.206	-9.992
526	40	20	20	20	49.004	-3.953	-8.648
527	40	10	20	20	52.733	-9.708	-7.879
528	40	0	20	20	56.923	-15.842	-6.676
529	85	100	55	0	21.794	16.224	-8.711
530	85	85	55	0	24.300	9.832	-8.894
531	85	70	55	0	28.098	0.339	-8.258
532	85	55	55	0	32.408	-9.487	-7.314
533	85	40	55	0	36.413	-18.310	-6.115
534	85	30	55	0	39.222	-24.377	-5.205
535	85	20	55	0	42.301	-31.161	-4.518
536	85	10	55	0	45.754	-37.964	-3.961
537	85	0	55	0	49.451	-44.690	-2.820
538	85	100	40	0	21.679	17.998	-16.041
539	85	85	40	0	24.413	11.683	-16.577
540	85	70	40	0	28.340	2.325	-16.390
541	85	55	40	0	32.826	-7.283	-16.046
542	85	40	40	0	36.957	-15.976	-15.421
543	85	30	40	0	39.840	-21.877	-14.955
544	85	20	40	0	43.088	-28.329	-14.618
545	85	10	40	0	46.623	-34.811	-14.499
546	85	0	40	0	50.302	-41.244	-13.826
547	85	100	30	0	21.588	19.278	-20.928
548	85	85	30	0	24.521	13.151	-21.737
549	85	70	30	0	28.576	3.919	-21.825
550	85	55	30	0	33.147	-5.648	-21.830
551	85	40	30	0	37.317	-14.209	-21.594
552	85	30	30	0	40.302	-19.993	-21.414
553	85	20	30	0	43.735	-26.197	-21.261
554	85	10	30	0	47.342	-32.454	-21.257
555	85	0	30	0	50.945	-38.581	-20.771
556	70	100	20	20	21.550	24.922	-17.641
557	70	70	20	20	27.202	12.062	-20.084
558	70	40	20	20	34.950	-3.545	-20.002
559	70	20	20	20	41.120	-14.261	-19.648
560	70	10	20	20	44.589	-19.860	-19.391
561	70	0	20	20	48.335	-25.648	-18.788
562	100	100	55	0	19.737	10.502	-11.619
563	100	85	55	0	22.239	3.662	-12.533
564	100	70	55	0	25.845	-5.729	-11.975
565	100	55	55	0	29.771	-15.511	-11.579
566	100	40	55	0	33.669	-24.760	-10.683
567	100	30	55	0	36.451	-31.024	-9.974
568	100	20	55	0	39.394	-37.728	-9.294
569	100	10	55	0	42.558	-44.730	-8.709
570	100	0	55	0	46.257	-51.293	-8.094
571	100	100	40	0	19.604	13.027	-18.989
572	100	85	40	0	22.422	6.095	-19.841
573	100	70	40	0	26.174	-3.408	-19.880
574	100	55	40	0	30.181	-12.696	-19.901
575	100	40	40	0	34.254	-21.540	-19.705
576	100	30	40	0	37.187	-27.614	-19.571
577	100	20	40	0	40.214	-34.141	-19.305
578	100	10	40	0	43.470	-40.789	-19.034
579	100	0	40	0	46.954	-47.304	-19.009
580	100	100	30	0	19.700	14.279	-23.911
581	100	85	30	0	22.480	7.772	-25.013
582	100	70	30	0	26.439	-1.543	-25.325
583	100	55	30	0	30.545	-10.610	-25.624
584	100	40	30	0	34.766	-19.361	-25.697
585	100	30	30	0	37.779	-25.286	-25.764
586	100	20	30	0	40.854	-31.554	-25.711
587	100	10	30	0	44.149	-37.960	-25.733
588	100	0	30	0	47.353	-44.546	-25.710
589	100	100	20	20	17.543	14.623	-24.254
590	100	70	20	20	23.090	1.777	-26.699
591	100	40	20	20	30.162	-13.510	-27.410
592	100	20	20	20	35.478	-23.963	-27.792
593	100	10	20	20	38.455	-29.513	-28.054
594	100	0	20	20	41.489	-35.369	-28.089
595	0	100	100	0	41.000	57.000	43.000
596	0	85	100	0	44.555	51.117	47.297
597	0	70	100	0	49.691	41.266	52.014
598	0	55	100	0	55.153	31.116	58.673
599	0	40	100	0	60.215	22.256	65.443
600	0	30	100	0	64.292	15.763	70.575
601	0	20	100	0	68.908	8.944	75.882
602	0	10	100	0	73.463	1.643	80.857
603	0	0	100	0	79.000	-6.000	88.000
604	0	100	85	0	41.186	57.788	38.094
605	0	85	85	0	44.649	52.074	40.575
606	0	70	85	0	49.842	41.801	45.571
607	0	55	85	0	55.276	31.899	51.077
608	0	40	85	0	60.593	22.409	56.345
609	0	30	85	0	64.925	15.186	60.423
610	0	20	85	0	69.613	8.245	64.961
611	0	10	85	0	74.059	1.580	69.571
612	0	0	85	0	79.514	-6.297	75.234
613	0	100	70	0	41.358	58.392	31.302
614	0	85	70	0	44.791	52.241	33.159
615	0	70	70	0	49.949	41.807	36.019
616	0	55	70	0	55.580	31.686	40.111
617	0	40	70	0	61.127	22.300	44.373
618	0	30	70	0	65.467	15.338	47.535
619	0	20	70	0	70.085	8.358	51.032
620	0	10	70	0	74.530	1.202	54.590
621	0	0	70	0	80.113	-6.214	59.175
622	0	100	40	20	35.285	51.606	14.206
623	0	70	40	20	42.906	37.225	15.241
624	0	40	40	20	52.773	19.583	18.628
625	0	20	40	20	60.411	7.763	21.978
626	0	10	40	20	64.475	1.648	23.845
627	0	0	40	20	68.909	-4.773	26.358
628	10	100	100	0	38.534	52.069	39.230
629	10	85	100	0	41.668	46.344	42.580
630	10	70	100	0	46.584	36.777	47.291
631	10	55	100	0	51.774	26.970	53.083
632	10	40	100	0	56.892	17.745	59.617
633	10	30	100	0	61.003	10.935	64.559
634	10	20	100	0	65.328	4.088	69.405
635	10	10	100	0	69.577	-2.830	74.726
636	10	0	100	0	74.711	-10.527	81.974
637	10	100	85	0	38.566	52.581	33.465
638	10	85	85	0	41.780	46.662	36.000
639	10	70	85	0	46.648	37.119	40.504
640	10	55	85	0	52.052	26.847	45.439
641	10	40	85	0	57.195	17.339	50.274
642	10	30	85	0	61.282	10.468	54.138
643	10	20	85	0	65.745	3.712	58.592
644	10	10	85	0	70.116	-3.177	63.043
645	10	0	85	0	75.243	-10.922	67.829
646	10	100	70	0	38.577	53.052	26.178
647	10	85	70	0	41.906	47.087	27.976
648	10	70	70	0	46.864	37.291	31.224
649	10	55	70	0	52.397	26.932	35.083
650	10	40	70	0	57.692	17.309	38.999
651	10	30	70	0	61.792	10.504	41.969
652	10	20	70	0	66.263	3.759	45.208
653	10	10	70	0	70.701	-3.192	48.531
654	10	0	70	0	75.772	-10.633	52.498
655	10	100	40	20	32.967	47.178	10.336
656	10	70	40	20	40.079	33.242	10.852
657	10	40	40	20	49.732	15.615	13.894
658	10	20	40	20	56.977	4.058	16.868
659	10	10	40	20	60.984	-2.009	18.628
660	10	0	40	20	65.348	-8.445	21.097
661	20	100	100	0	36.179	47.450	35.306
662	20	85	100	0	39.137	41.705	38.016
663	20	70	100	0	43.583	32.476	43.123
664	20	55	100	0	48.550	22.800	48.599
665	20	40	100	0	53.560	13.558	54.543
666	20	30	100	0	57.539	6.766	59.128
667	20	20	100	0	61.727	-0.082	63.702
668	20	10	100	0	65.836	-6.850	68.514
669	20	0	100	0	70.988	-14.264	74.673
670	20	100	85	0	36.089	47.813	29.232
671	20	85	85	0	39.165	41.918	31.356
672	20	70	85	0	43.840	32.368	35.709
673	20	55	85	0	48.876	22.427	40.245
674	20	40	85	0	53.856	13.100	45.008
675	20	30	85	0	57.766	6.388	48.755
676	20	20	85	0	61.976	-0.344	52.726
677	20	10	85	0	66.353	-7.278	56.850
678	20	0	85	0	71.114	-14.728	61.541
679	20	100	70	0	36.101	48.520	22.227
680	20	85	70	0	39.264	42.390	23.398
681	20	70	70	0	44.047	32.671	26.564
682	20	55	70	0	49.233	22.594	29.933
683	20	40	70	0	54.345	13.123	33.627
684	20	30	70	0	58.283	6.448	36.402
685	20	20	70	0	62.576	-0.264	39.158
686	20	10	70	0	67.039	-7.157	42.472
687	20	0	70	0	71.709	-14.507	46.138
688	20	100	40	20	30.751	43.175	6.789
689	20	70	40	20	37.506	29.504	6.849
690	20	40	40	20	46.721	12.251	9.595
691	20	20	40	20	53.655	0.822	12.226
692	20	10	40	20	57.551	-5.189	13.836
693	20	0	40	20	61.916	-11.601	16.240
694	30	100	100	0	33.983	43.175	31.864
695	30	85	100	0	36.722	37.155	34.207
696	30	70	100	0	41.059	27.988	38.808
697	30	55	100	0	45.919	18.285	44.121
698	30	40	100	0	50.642	9.091	49.753
699	30	30	100	0	54.318	2.501	53.916
700	30	20	100	0	58.373	-4.200	58.067
701	30	10	100	0	62.344	-10.956	62.345
702	30	0	100	0	67.283	-18.534	68.039
703	30	100	85	0	33.774	43.289	25.661
704	30	85	85	0	36.621	37.304	27.203
705	30	70	85	0	41.107	27.882	31.238
706	30	55	85	0	46.007	18.079	35.615
707	30	40	85	0	50.907	8.784	40.209
708	30	30	85	0	54.613	2.259	43.556
709	30	20	85	0	58.569	-4.375	46.998
710	30	10	85	0	62.751	-11.318	50.883
711	30	0	85	0	67.500	-18.410	55.742
712	30	100	70	0	33.680	43.884	18.583
713	30	85	70	0	36.675	37.879	19.341
714	30	70	70	0	41.366	28.249	22.110
715	30	55	70	0	46.436	18.306	25.318
716	30	40	70	0	51.453	8.883	28.910
717	30	30	70	0	55.180	2.405	31.464
718	30	20	70	0	59.204	-4.217	33.847
719	30	10	70	0	63.379	-11.093	36.914
720	30	0	70	0	68.261	-18.155	40.416
721	40	100	40	20	26.979	35.165	0.010
722	40	70	40	20	33.017	22.220	-0.278
723	40	40	40	20	41.592	5.468	1.740
724	40	20	40	20	48.063	-5.803	4.078
725	40	10	40	20	51.751	-11.748	5.499
726	40	0	40	20	55.906	-18.002	7.559
727	40	100	100	0	31.707	38.287	28.402
728	40	85	100	0	34.273	32.156	29.532
729	40	70	100	0	38.488	23.050	34.902
730	40	55	100	0	43.199	13.388	39.225
731	40	40	100	0	47.712	4.296	44.555
732	40	30	100	0	51.259	-2.177	48.732
733	40	20	100	0	55.317	-8.715	53.035
734	40	10	100	0	59.167	-15.546	56.808
735	40	0	100	0	63.338	-23.044	62.238
736	40	100	85	0	31.489	38.480	21.983
737	40	85	85	0	34.194	32.571	23.139
738	40	70	85	0	38.493	23.158	26.867
739	40	55	85	0	43.238	13.340	30.925
740	40	40	85	0	47.972	4.080	35.248
741	40	30	85	0	51.519	-2.307	38.366
742	40	20	85	0	55.323	-8.806	41.527
743	40	10	85	0	59.320	-15.720	45.232
744	40	0	85	0	63.755	-22.813	49.789
745	40	100	70	0	31.377	39.150	14.898
746	40	85	70	0	34.260	33.164	15.501
747	40	70	70	0	38.699	23.660	17.848
748	40	55	70	0	43.556	13.767	20.751
749	40	40	70	0	48.366	4.449	23.973
750	40	30	70	0	51.971	-1.948	26.317
751	40	20	70	0	55.908	-8.521	28.583
752	40	10	70	0	59.916	-15.421	31.324
753	40	0	70	0	64.503	-22.393	34.546
754	70	100	40	20	21.646	22.612	-8.803
755	70	70	40	20	27.010	9.486	-10.322
756	70	40	40	20	34.356	-6.354	-9.165
757	70	20	40	20	40.254	-17.330	-7.657
758	70	10	40	20	43.630	-23.234	-6.863
759	70	0	40	20	47.339	-29.182	-5.471
760	55	100	100	0	28.431	30.982	23.253
761	55	85	100	0	30.982	24.633	25.192
762	55	70	100	0	34.989	15.484	28.580
763	55	55	100	0	39.282	5.801	32.495
764	55	40	100	0	43.527	-3.269	37.237
765	55	30	100	0	46.835	-9.574	40.653
766	55	20	100	0	50.533	-16.071	44.192
767	55	10	100	0	54.214	-23.052	48.048
768	55	0	100	0	58.037	-30.077	53.199
769	55	100	85	0	28.154	30.997	16.332
770	55	85	85	0	30.943	25.009	17.562
771	55	70	85	0	35.018	15.773	20.933
772	55	55	85	0	39.449	5.967	24.339
773	55	40	85	0	43.830	-3.188	27.998
774	55	30	85	0	47.097	-9.457	30.764
775	55	20	85	0	50.683	-16.069	33.861
776	55	10	85	0	54.342	-22.987	36.937
777	55	0	85	0	58.309	-30.304	40.833
778	55	100	70	0	28.150	31.609	9.296
779	55	85	70	0	30.872	25.691	9.786
780	55	70	70	0	35.046	16.383	11.987
781	55	55	70	0	39.610	6.633	14.305
782	55	40	70	0	44.132	-2.474	16.993
783	55	30	70	0	47.487	-8.725	19.036
784	55	20	70	0	51.221	-15.392	21.003
785	55	10	70	0	55.043	-22.222	23.088
786	55	0	70	0	58.989	-29.218	25.814
787	100	100	40	20	17.900	11.157	-15.522
788	100	70	40	20	22.923	-2.083	-16.874
789	100	40	40	20	29.686	-17.822	-16.701
790	100	20	40	20	34.704	-28.766	-16.281
791	100	10	40	20	37.548	-34.697	-16.093
792	100	0	40	20	40.535	-40.922	-15.741
793	70	100	100	0	25.113	22.976	17.769
794	70	85	100	0	27.506	16.372	19.852
795	70	70	100	0	31.108	7.038	22.946
796	70	55	100	0	35.235	-2.643	26.051
797	70	40	100	0	39.005	-11.904	29.921
798	70	30	100	0	41.848	-18.440	32.816
799	70	20	100	0	45.299	-25.022	35.482
800	70	10	100	0	49.068	-32.093	39.576
801	70	0	100	0	52.435	-38.978	42.985
802	70	100	85	0	24.840	22.608	11.043
803	70	85	85	0	27.369	16.649	12.247
804	70	70	85	0	31.150	7.524	14.729
805	70	55	85	0	35.483	-2.464	17.685
806	70	40	85	0	39.400	-11.578	20.824
807	70	30	85	0	42.310	-17.941	23.160
808	70	20	85	0	45.679	-24.731	25.619
809	70	10	85	0	49.210	-31.578	28.518
810	70	0	85	0	53.013	-38.733	31.764
811	70	100	70	0	24.779	23.734	3.696
812	70	85	70	0	27.453	17.484	4.149
813	70	70	70	0	31.351	8.135	5.746
814	70	55	70	0	35.774	-1.741	7.798
815	70	40	70	0	39.891	-10.692	9.985
816	70	30	70	0	42.919	-16.826	11.613
817	70	20	70	0	46.371	-23.453	13.212
818	70	10	70	0	49.981	-30.314	14.910
819	70	0	70	0	53.920	-37.334	17.436
820	0	100	70	20	35.161	49.751	26.257
821	0	70	70	20	42.283	36.116	30.616
822	0	40	70	20	51.681	18.968	37.306
823	0	20	70	20	59.077	7.012	42.987
824	0	10	70	20	63.029	0.820	46.165
825	0	0	70	20	67.370	-5.769	50.057
826	85	100	100	0	22.082	13.930	12.793
827	85	85	100	0	24.274	6.884	14.616
828	85	70	100	0	27.640	-2.964	16.806
829	85	55	100	0	31.370	-12.885	20.040
830	85	40	100	0	34.839	-22.270	23.215
831	85	30	100	0	37.506	-28.940	25.431
832	85	20	100	0	40.761	-35.716	27.989
833	85	10	100	0	44.050	-43.010	31.349
834	85	0	100	0	47.346	-50.344	34.916
835	85	100	85	0	21.987	13.440	6.528
836	85	85	85	0	24.154	7.412	7.186
837	85	70	85	0	27.700	-2.116	9.059
838	85	55	85	0	31.661	-12.283	11.318
839	85	40	85	0	35.329	-21.494	14.185
840	85	30	85	0	38.037	-27.965	16.315
841	85	20	85	0	41.109	-35.105	18.189
842	85	10	85	0	44.327	-42.249	20.377
843	85	0	85	0	47.773	-49.497	23.084
844	85	100	70	0	21.855	14.643	-1.061
845	85	85	70	0	24.213	8.452	-1.009
846	85	70	70	0	27.922	-1.067	0.135
847	85	55	70	0	32.052	-11.242	1.651
848	85	40	70	0	35.876	-20.244	3.584
849	85	30	70	0	38.625	-26.419	5.031
850	85	20	70	0	41.670	-33.391	6.137
851	85	10	70	0	45.073	-40.367	7.325
852	85	0	70	0	48.626	-47.162	9.245
853	10	100	70	20	32.868	45.365	22.416
854	10	70	70	20	39.585	31.903	26.063
855	10	40	70	20	48.545	14.881	32.450
856	10	20	70	20	55.676	3.076	37.822
857	10	10	70	20	59.690	-3.160	40.815
858	10	0	70	20	63.889	-9.724	44.465
859	100	100	100	0	20.318	5.909	9.132
860	100	85	100	0	22.370	0.672	10.980
861	100	70	100	0	25.527	-9.477	13.237
862	100	55	100	0	29.043	-20.330	15.988
863	100	40	100	0	32.709	-30.616	18.451
864	100	30	100	0	35.274	-37.356	20.506
865	100	20	100	0	37.896	-44.403	23.416
866	100	10	100	0	40.625	-52.117	25.116
867	100	0	100	0	44.000	-60.000	28.000
868	100	100	85	0	20.133	7.240	2.939
869	100	85	85	0	22.292	0.668	3.579
870	100	70	85	0	25.459	-8.867	5.356
871	100	55	85	0	29.042	-19.708	7.053
872	100	40	85	0	32.658	-29.600	9.582
873	100	30	85	0	35.240	-36.255	11.347
874	100	20	85	0	38.033	-43.539	12.442
875	100	10	85	0	41.122	-50.679	14.411
876	100	0	85	0	44.420	-58.015	16.759
877	100	100	70	0	20.071	7.789	-4.162
878	100	85	70	0	22.034	1.560	-5.134
879	100	70	70	0	25.586	-7.482	-3.868
880	100	55	70	0	29.412	-17.839	-2.896
881	100	40	70	0	33.198	-27.631	-1.070
882	100	30	70	0	35.861	-34.060	0.342
883	100	20	70	0	38.731	-40.832	1.356
884	100	10	70	0	41.772	-48.087	2.251
885	100	0	70	0	45.369	-54.982	4.048
886	20	100	70	20	30.792	41.199	18.837
887	20	70	70	20	37.191	28.017	21.903
888	20	40	70	20	45.478	11.342	27.830
889	20	20	70	20	52.369	-0.381	32.694
890	20	10	70	20	56.350	-6.545	35.512
891	20	0	70	20	60.651	-13.106	38.983
892	0	100	100	40	29.789	40.179	29.940
893	0	70	100	40	34.747	29.413	35.661
894	0	40	100	40	42.082	15.795	44.432
895	0	20	100	40	48.291	5.710	51.418
896	0	0	100	40	55.390	-5.505	60.611
897	0	100	70	40	29.594	41.491	22.092
898	0	70	70	40	35.192	30.412	25.622
899	0	40	70	40	42.983	15.968	31.241
900	0	20	70	40	49.157	5.755	36.250
901	0	0	70	40	56.134	-5.389	41.888
902	0	100	40	40	29.620	43.429	12.079
903	0	70	40	40	35.781	31.542	12.733
904	0	40	40	40	43.936	16.681	15.606
905	0	20	40	40	50.153	6.598	18.566
906	0	0	40	40	57.566	-4.383	22.406
907	0	100	20	40	29.637	45.170	4.543
908	0	70	20	40	36.241	32.608	3.526
909	0	40	20	40	44.619	17.687	5.010
910	0	20	20	40	50.872	7.674	6.888
911	0	0	20	40	58.438	-3.214	9.588
912	0	100	0	40	29.602	47.318	-4.552
913	0	70	0	40	36.471	34.708	-6.833
914	0	40	0	40	45.313	19.348	-6.743
915	0	20	0	40	51.787	9.305	-5.930
916	0	0	0	40	59.432	-1.418	-4.362
917	100	0	0	70	25.729	-17.195	-25.438
918	100	85	85	100	12.888	1.161	4.003
919	40	100	70	20	27.118	32.961	12.563
920	40	70	70	20	32.709	20.468	14.825
921	40	40	70	20	40.519	3.978	19.340
922	40	20	70	20	46.790	-7.592	23.480
923	40	10	70	20	50.438	-13.734	26.077
924	40	0	70	20	54.778	-20.133	29.604
925	20	100	100	40	26.372	32.717	24.382
926	20	70	100	40	30.836	22.643	28.650
927	20	40	100	40	37.481	8.926	36.165
928	20	20	100	40	42.981	-0.958	42.443
929	20	0	100	40	49.843	-12.234	50.949
930	20	100	70	40	26.139	34.171	15.919
931	20	70	70	40	31.069	23.598	18.174
932	20	40	70	40	38.057	9.353	23.015
933	20	20	70	40	43.697	-0.663	27.259
934	20	0	70	40	50.671	-11.831	32.938
935	20	100	40	40	25.984	36.203	5.769
936	20	70	40	40	31.178	25.183	5.635
937	20	40	40	40	38.677	10.532	7.730
938	20	20	40	40	44.561	0.595	10.139
939	20	0	40	40	51.602	-10.411	13.658
940	20	100	20	40	25.897	37.635	-1.776
941	20	70	20	40	31.334	26.595	-3.327
942	20	40	20	40	39.224	11.811	-2.536
943	20	20	20	40	45.297	1.915	-1.119
944	20	0	20	40	52.562	-8.873	1.199
945	20	100	0	40	25.785	40.312	-11.122
946	20	70	0	40	31.728	28.760	-13.844
947	20	40	0	40	40.142	13.644	-13.961
948	20	20	0	40	46.317	3.940	-13.486
949	20	0	0	40	53.260	-6.557	-12.109
950	0	100	0	70	20.619	34.148	-3.239
951	100	85	85	80	14.403	1.539	4.209
952	70	100	70	20	21.824	19.967	3.510
953	70	70	70	20	26.602	7.009	4.392
954	70	40	70	20	33.695	-9.060	7.784
955	70	20	70	20	39.311	-20.382	11.114
956	70	10	70	20	42.493	-26.624	12.932
957	70	0	70	20	46.118	-32.999	15.101
958	40	100	100	40	23.525	25.490	19.644
959	40	70	100	40	27.537	16.082	22.909
960	40	40	100	40	33.540	2.610	29.390
961	40	20	100	40	38.728	-7.387	34.707
962	40	0	100	40	44.882	-18.656	41.964
963	40	100	70	40	23.236	27.409	10.753
964	40	70	70	40	27.556	17.309	12.244
965	40	40	70	40	33.753	3.382	15.840
966	40	20	70	40	39.008	-6.762	19.451
967	40	0	70	40	45.935	-17.975	24.710
968	40	100	40	40	22.895	29.497	0.291
969	40	70	40	40	27.518	19.080	-0.351
970	40	40	40	40	34.344	4.951	0.968
971	40	20	40	40	39.864	-5.051	3.033
972	40	0	40	40	46.744	-16.038	6.377
973	40	100	20	40	22.640	31.284	-7.371
974	40	70	20	40	27.587	20.737	-9.147
975	40	40	20	40	34.892	6.534	-8.889
976	40	20	20	40	40.646	-3.289	-7.882
977	40	0	20	40	47.649	-14.051	-5.658
978	40	100	0	40	22.640	34.182	-16.263
979	40	70	0	40	27.918	23.428	-19.409
980	40	40	0	40	35.718	8.924	-20.032
981	40	20	0	40	41.722	-0.703	-19.772
982	40	0	0	40	48.633	-10.940	-18.529
983	0	0	100	70	38.337	-5.433	40.147
984	100	85	85	60	16.233	1.709	4.283
985	100	100	70	20	18.128	7.641	-3.059
986	100	70	70	20	22.646	-5.903	-2.783
987	100	40	70	20	28.930	-22.844	-0.821
988	100	20	70	20	33.684	-34.526	1.533
989	100	10	70	20	36.351	-40.831	2.542
990	100	0	70	20	39.342	-47.591	3.815
991	70	100	100	40	19.801	14.342	12.895
992	70	70	100	40	23.094	4.742	15.009
993	70	40	100	40	28.289	-8.762	19.979
994	70	20	100	40	32.845	-19.272	24.329
995	70	0	100	40	38.376	-30.533	30.344
996	70	100	70	40	19.046	16.040	3.401
997	70	70	70	40	22.861	5.871	3.868
998	70	40	70	40	28.575	-7.640	6.582
999	70	20	70	40	33.251	-17.723	9.282
1000	70	0	70	40	39.008	-28.845	12.773
1001	70	100	40	40	18.692	18.861	-6.828
1002	70	70	40	40	22.800	8.447	-8.731
1003	70	40	40	40	28.837	-5.082	-7.792
1004	70	20	40	40	33.898	-14.861	-6.566
1005	70	0	40	40	39.893	-25.647	-4.619
1006	70	100	20	40	18.442	21.097	-14.379
1007	70	70	20	40	22.783	10.920	-16.961
1008	70	40	20	40	29.172	-2.409	-17.065
1009	70	20	20	40	34.356	-12.076	-16.888
1010	70	0	20	40	40.581	-22.578	-15.960
1011	70	100	0	40	18.322	24.482	-23.589
1012	70	70	0	40	23.033	14.335	-26.992
1013	70	40	0	40	29.883	1.109	-28.158
1014	70	20	0	40	35.354	-8.177	-28.522
1015	70	0	0	40	41.680	-18.180	-28.183
1016	100	100	0	70	11.961	13.827	-19.233
1017	80	65	65	100	13.208	0.375	2.250
1018	0	100	100	20	35.138	48.635	36.364
1019	0	70	100	20	41.807	35.503	43.898
1020	0	40	100	20	50.702	19.167	54.467
1021	0	20	100	20	58.023	7.338	63.206
1022	0	10	100	20	62.033	0.940	67.890
1023	0	0	100	20	66.582	-5.736	73.439
1024	100	100	100	40	17.285	4.965	8.167
1025	100	70	100	40	20.401	-5.401	10.229
1026	100	40	100	40	24.957	-20.324	13.991
1027	100	20	100	40	28.673	-31.224	16.480
1028	100	0	100	40	33.393	-43.518	20.462
1029	100	100	70	40	16.471	6.827	-1.139
1030	100	70	70	40	20.078	-3.963	-1.249
1031	100	40	70	40	24.991	-18.364	0.069
1032	100	20	70	40	28.930	-28.737	1.724
1033	100	0	70	40	33.884	-40.287	3.974
1034	100	100	40	40	15.898	10.102	-11.848
1035	100	70	40	40	19.987	-0.755	-13.311
1036	100	40	40	40	25.458	-14.387	-13.545
1037	100	20	40	40	29.678	-24.044	-13.345
1038	100	0	40	40	34.697	-34.972	-13.005
1039	100	100	20	40	15.315	13.210	-19.551
1040	100	70	20	40	19.934	2.490	-21.897
1041	100	40	20	40	25.779	-10.690	-22.886
1042	100	20	20	40	30.236	-20.053	-23.194
1043	100	0	20	40	35.289	-30.232	-23.528
1044	100	100	0	40	15.352	16.678	-28.469
1045	100	70	0	40	20.016	6.610	-31.447
1046	100	40	0	40	26.265	-5.943	-33.346
1047	100	20	0	40	30.910	-14.723	-34.520
1048	100	0	0	40	36.092	-24.156	-35.364
1049	100	0	100	70	25.540	-30.782	14.277
1050	80	65	65	80	15.589	0.615	1.293
1051	10	100	100	20	32.898	44.071	32.541
1052	10	70	100	20	39.161	31.326	39.382
1053	10	40	100	20	47.721	14.911	49.233
1054	10	20	100	20	54.769	3.190	57.423
1055	10	10	100	20	58.673	-3.138	61.927
1056	10	0	100	20	63.020	-9.832	67.409
1057	0	100	100	60	24.214	31.029	23.391
1058	0	70	100	60	28.198	23.026	27.954
1059	0	40	100	60	33.915	12.128	34.908
1060	0	20	100	60	38.595	3.899	40.076
1061	0	0	100	60	44.329	-5.414	47.543
1062	0	100	70	60	24.003	32.866	17.774
1063	0	70	70	60	28.190	24.472	20.407
1064	0	40	70	60	34.116	12.755	24.887
1065	0	20	70	60	38.930	4.297	29.170
1066	0	0	70	60	44.497	-5.068	33.546
1067	0	100	40	60	23.810	34.638	9.964
1068	0	70	40	60	28.437	25.795	10.319
1069	0	40	40	60	34.606	13.676	12.672
1070	0	20	40	60	39.398	5.293	15.163
1071	0	0	40	60	45.228	-3.930	18.113
1072	0	100	20	60	23.681	36.669	3.819
1073	0	70	20	60	28.521	26.929	2.974
1074	0	40	20	60	35.029	14.809	4.187
1075	0	20	20	60	39.965	6.380	5.768
1076	0	0	20	60	45.620	-2.801	7.987
1077	0	100	0	60	23.778	38.727	-3.720
1078	0	70	0	60	28.829	28.860	-5.668
1079	0	40	0	60	35.849	16.592	-5.545
1080	0	20	0	60	40.890	7.991	-4.747
1081	0	0	0	60	47.007	-1.154	-3.301
1082	0	100	100	70	21.394	26.384	20.097
1083	80	65	65	60	19.017	0.501	0.581
1084	20	100	100	20	30.904	39.708	29.624
1085	20	70	100	20	36.763	27.550	35.092
1086	20	40	100	20	44.887	11.248	44.391
1087	20	20	100	20	51.597	-0.473	51.987
1088	20	10	100	20	55.415	-6.735	56.568
1089	20	0	100	20	59.838	-13.274	61.616
1090	20	100	100	60	21.874	25.033	19.045
1091	20	70	100	60	25.247	17.358	22.356
1092	20	40	100	60	30.206	6.485	28.148
1093	20	20	100	60	34.625	-1.660	33.115
1094	20	0	100	60	40.272	-11.100	40.180
1095	20	100	70	60	21.550	26.434	12.948
1096	20	70	70	60	25.072	18.651	14.433
1097	20	40	70	60	30.552	7.226	18.319
1098	20	20	70	60	35.050	-1.061	21.822
1099	20	0	70	60	40.630	-10.472	26.539
1100	20	100	40	60	21.268	28.918	4.987
1101	20	70	40	60	25.073	20.528	4.692
1102	20	40	40	60	30.815	8.599	6.217
1103	20	20	40	60	35.431	0.274	8.152
1104	20	0	40	60	40.854	-9.077	11.075
1105	20	100	20	60	20.956	30.643	-1.339
1106	20	70	20	60	25.105	22.007	-2.604
1107	20	40	20	60	31.207	9.902	-2.116
1108	20	20	20	60	35.852	1.579	-0.985
1109	20	0	20	60	41.478	-7.580	1.018
1110	20	100	0	60	20.755	33.230	-9.068
1111	20	70	0	60	25.020	23.977	-11.468
1112	20	40	0	60	31.533	11.864	-11.698
1113	20	20	0	60	36.416	3.583	-11.190
1114	20	0	0	60	42.004	-5.474	-9.869
1115	40	40	0	70	24.145	7.413	-14.953
1116	80	65	65	40	22.437	-0.138	-0.270
1117	40	100	100	20	27.281	31.454	22.914
1118	40	70	100	20	32.408	19.475	28.132
1119	40	40	100	20	39.882	3.502	36.262
1120	40	20	100	20	46.249	-8.130	42.679
1121	40	10	100	20	49.802	-14.285	46.499
1122	40	0	100	20	53.728	-20.946	51.764
1123	40	100	100	60	19.728	19.435	15.558
1124	40	70	100	60	22.645	12.243	17.844
1125	40	40	100	60	27.229	1.393	22.769
1126	40	20	100	60	31.195	-6.869	26.635
1127	40	0	100	60	36.438	-16.471	33.154
1128	40	100	70	60	19.451	21.257	8.900
1129	40	70	70	60	22.521	13.497	9.770
1130	40	40	70	60	27.068	2.394	12.436
1131	40	20	70	60	31.314	-6.082	15.554
1132	40	0	70	60	36.849	-15.686	19.643
1133	40	100	40	60	19.024	23.641	0.899
1134	40	70	40	60	22.369	15.508	-0.062
1135	40	40	40	60	27.356	4.026	0.672
1136	40	20	40	60	31.775	-4.401	2.350
1137	40	0	40	60	37.311	-13.772	5.172
1138	40	100	20	60	18.567	25.286	-5.477
1139	40	70	20	60	22.165	17.170	-7.336
1140	40	40	20	60	27.711	5.624	-7.438
1141	40	20	20	60	32.333	-2.724	-6.520
1142	40	0	20	60	37.830	-11.929	-4.611
1143	40	100	0	60	18.378	28.007	-13.117
1144	40	70	0	60	22.249	19.740	-16.042
1145	40	40	0	60	28.109	7.982	-16.801
1146	40	20	0	60	32.786	-0.271	-16.629
1147	40	0	0	60	38.630	-9.180	-15.342
1148	40	0	40	70	32.230	-12.606	4.453
1149	60	45	45	100	13.970	-0.206	0.225
1150	70	100	100	20	22.239	17.951	15.188
1151	70	70	100	20	26.685	5.831	18.349
1152	70	40	100	20	33.184	-10.260	24.113
1153	70	20	100	20	38.736	-22.078	29.924
1154	70	10	100	20	41.761	-28.477	32.918
1155	70	0	100	20	45.166	-34.660	36.707
1156	70	100	100	60	17.430	10.755	10.094
1157	70	70	100	60	19.670	3.543	11.676
1158	70	40	100	60	23.308	-7.510	15.608
1159	70	20	100	60	26.938	-16.362	18.815
1160	70	0	100	60	31.592	-25.871	23.619
1161	70	100	70	60	16.456	12.600	3.358
1162	70	70	70	60	19.319	4.926	3.671
1163	70	40	70	60	23.415	-6.122	5.548
1164	70	20	70	60	27.116	-14.769	7.729
1165	70	0	70	60	31.933	-24.328	10.746
1166	70	100	40	60	15.966	15.211	-4.693
1167	70	70	40	60	18.931	7.296	-6.215
1168	70	40	40	60	23.613	-3.798	-5.992
1169	70	20	40	60	27.666	-12.125	-4.990
1170	70	0	40	60	32.325	-21.539	-3.344
1171	70	100	20	60	15.457	17.407	-11.076
1172	70	70	20	60	18.637	9.570	-13.281
1173	70	40	20	60	23.425	-1.412	-14.027
1174	70	20	20	60	27.671	-9.712	-13.719
1175	70	0	20	60	32.527	-18.931	-12.868
1176	70	100	0	60	15.173	20.252	-18.923
1177	70	70	0	60	18.668	12.518	-21.958
1178	70	40	0	60	24.210	1.517	-23.021
1179	70	20	0	60	28.187	-6.390	-23.637
1180	70	0	0	60	33.212	-15.170	-23.189
1181	0	40	40	70	29.787	11.918	11.000
1182	60	45	45	80	18.386	0.159	-1.191
1183	100	100	100	20	18.710	5.822	8.797
1184	100	70	100	20	22.888	-7.660	11.824
1185	100	40	100	20	28.355	-25.001	16.177
1186	100	20	100	20	32.970	-37.793	19.859
1187	100	10	100	20	35.568	-44.487	21.531
1188	100	0	100	20	38.269	-51.584	23.487
1189	100	100	100	60	15.786	4.091	7.586
1190	100	70	100	60	18.078	-3.698	8.490
1191	100	40	100	60	21.553	-15.769	11.279
1192	100	20	100	60	24.381	-24.658	13.235
1193	100	0	100	60	28.270	-35.149	16.855
1194	100	100	70	60	14.871	5.913	0.455
1195	100	70	70	60	17.448	-2.214	0.088
1196	100	40	70	60	21.115	-13.755	0.893
1197	100	20	70	60	24.171	-22.707	1.830
1198	100	0	70	60	28.267	-32.705	4.020
1199	100	100	40	60	14.055	8.751	-8.351
1200	100	70	40	60	17.015	0.593	-9.629
1201	100	40	40	60	21.243	-10.809	-10.505
1202	100	20	40	60	24.510	-19.102	-10.390
1203	100	0	40	60	28.699	-28.450	-9.746
1204	100	100	20	60	13.367	11.434	-14.909
1205	100	70	20	60	16.726	3.275	-16.905
1206	100	40	20	60	21.284	-7.713	-18.363
1207	100	20	20	60	24.798	-15.767	-18.621
1208	100	0	20	60	28.854	-24.729	-18.721
1209	100	100	0	60	13.073	14.757	-22.512
1210	100	70	0	60	16.547	6.859	-25.269
1211	100	40	0	60	21.297	-3.716	-27.095
1212	100	20	0	60	25.044	-11.365	-28.164
1213	100	0	0	60	29.458	-19.769	-28.908
1214	0	0	0	0	84.000	-2.002	-6.000
1215	60	45	45	60	23.949	0.269	-2.193
1216	40	27	27	60	30.349	-0.382	-3.809
1217	20	12	12	80	26.884	-1.181	-3.323
1218	10	6	6	20	64.573	-1.956	-5.624
1219	0	100	0	100	11.711	19.092	0.136
1220	0	40	0	100	14.292	9.658	-1.398
1221	0	0	0	100	17.000	-1.000	-0.000
1222	0	100	40	80	17.871	24.843	7.768
1223	0	70	40	80	20.783	18.528	7.817
1224	0	40	40	80	24.787	9.893	9.301
1225	0	0	40	80	31.779	-3.718	13.431
1226	0	100	0	80	17.314	28.980	-2.407
1227	0	70	0	80	20.781	22.097	-3.987
1228	0	40	0	80	25.033	13.084	-3.964
1229	0	0	0	80	32.272	-1.053	-2.057
1230	3	40	3	40	44.476	17.944	-6.100
1231	40	40	3	40	35.599	8.442	-18.253
1232	3	0	40	40	56.690	-5.547	20.955
1233	0	3	40	40	56.356	-2.699	21.526
1234	3	3	40	40	55.476	-3.857	20.094
1235	40	3	40	40	45.622	-14.372	5.634
1236	3	40	40	40	43.161	15.518	14.303
1237	7	7	0	0	77.254	0.572	-10.452
1238	7	0	7	0	80.446	-5.725	-2.739
1239	0	7	7	0	79.765	2.389	-0.349
1240	7	7	7	0	76.782	-0.682	-3.918
1241	7	0	0	7	76.392	-4.378	-9.193
1242	0	7	0	7	75.739	2.742	-6.595
1243	7	7	0	7	72.955	0.363	-9.937
1244	0	0	7	7	78.744	-2.876	0.715
1245	7	0	7	7	75.858	-5.491	-2.802
1246	0	7	7	7	75.224	1.908	-0.325
1247	7	7	7	7	72.417	-0.691	-3.785
1248	60	45	45	40	29.505	0.111	-2.997
1249	40	27	27	40	38.250	-0.490	-4.446
1250	20	12	12	60	38.175	-1.297	-4.474
1251	10	6	6	10	70.198	-2.126	-5.839
1252	40	100	0	100	10.157	15.068	-4.579
1253	40	40	0	100	13.190	5.198	-7.320
1254	40	0	0	100	16.049	-5.204	-7.284
1255	40	100	40	80	14.996	16.758	1.344
1256	40	70	40	80	17.046	11.036	0.465
1257	40	40	40	80	20.280	2.668	0.661
1258	40	0	40	80	26.936	-11.470	3.761
1259	40	100	0	80	13.813	21.150	-9.399
1260	40	70	0	80	16.202	15.412	-11.799
1261	40	40	0	80	20.060	6.680	-12.710
1262	40	0	0	80	27.228	-7.375	-11.659
1263	0	3	40	3	77.933	-3.101	29.071
1264	3	3	40	3	76.746	-4.589	27.268
1265	40	3	40	3	62.869	-17.973	7.864
1266	0	40	40	3	60.768	22.120	22.031
1267	3	40	40	3	59.808	20.560	20.356
1268	40	40	40	3	48.252	5.824	3.305
1269	3	0	0	40	58.510	-2.497	-5.650
1270	0	3	0	40	58.202	0.236	-4.587
1271	3	3	0	40	57.349	-0.849	-6.094
1272	40	3	0	40	47.487	-9.368	-19.003
1273	3	40	0	40	44.541	18.279	-7.970
1274	0	0	3	40	59.289	-1.797	-2.152
1275	3	0	3	40	58.470	-2.871	-3.438
1276	40	0	3	40	48.477	-11.580	-16.483
1277	0	3	3	40	58.042	-0.207	-2.638
1278	3	3	3	40	57.137	-1.224	-3.949
1279	40	3	3	40	47.429	-10.010	-16.985
1280	0	40	3	40	45.217	19.006	-4.873
1281	60	45	45	20	35.374	-0.174	-3.261
1282	40	27	27	20	46.258	-0.769	-4.661
1283	20	12	12	40	48.416	-1.563	-5.444
1284	100	85	85	0	22.292	0.668	3.579
1285	100	100	0	100	8.992	10.762	-9.436
1286	100	40	0	100	11.719	1.368	-13.261
1287	100	0	0	100	14.982	-9.517	-15.067
1288	70	100	40	80	13.396	11.157	-2.199
1289	70	70	40	80	15.129	5.636	-3.519
1290	70	40	40	80	18.173	-2.592	-3.860
1291	70	0	40	80	24.162	-16.942	-2.104
1292	70	100	0	80	12.048	15.993	-13.287
1293	70	70	0	80	14.195	10.553	-15.867
1294	70	40	0	80	17.881	2.164	-16.988
1295	70	0	0	80	24.072	-11.684	-17.543
1296	0	3	0	3	80.327	0.147	-6.316
1297	3	3	0	3	79.221	-1.154	-8.038
1298	40	3	0	3	65.407	-12.209	-24.730
1299	0	40	0	3	63.205	23.936	-8.414
1300	3	40	0	3	62.176	22.608	-9.837
1301	40	40	0	3	50.253	10.314	-24.659
1302	0	0	3	3	81.772	-2.477	-2.783
1303	3	0	3	3	80.559	-3.813	-4.454
1304	40	0	3	3	66.563	-14.820	-21.401
1305	0	3	3	3	80.155	-0.358	-3.431
1306	3	3	3	3	79.034	-1.697	-5.129
1307	40	3	3	3	65.184	-12.971	-22.077
1308	0	40	3	3	62.971	23.683	-5.898
1309	3	40	3	3	61.976	22.329	-7.380
1310	40	40	3	3	50.079	9.684	-22.344
1311	0	0	40	3	79.536	-5.238	30.245
1312	3	0	40	3	78.312	-6.694	28.397
1313	40	0	40	3	64.265	-19.964	8.687
1314	40	27	27	100	14.916	-0.679	-0.986
1315	40	27	27	10	50.539	-1.012	-4.446
1316	20	12	12	20	58.211	-1.775	-6.206
1317	80	65	65	0	30.469	-0.893	-0.447
1318	0	100	40	100	13.041	14.879	6.058
1319	0	40	40	100	15.782	5.651	6.282
1320	0	0	40	100	18.851	-3.898	8.828
1321	100	100	40	80	12.522	7.080	-4.538
1322	100	70	40	80	14.194	1.622	-5.791
1323	100	40	40	80	16.838	-6.757	-6.777
1324	100	0	40	80	22.168	-21.329	-6.224
1325	100	100	0	80	10.809	12.647	-15.887
1326	100	70	0	80	13.023	7.050	-18.303
1327	100	40	0	80	16.183	-1.192	-20.232
1328	100	0	0	80	21.725	-14.541	-21.696
1329	3	3	0	0	81.178	-1.237	-8.304
1330	40	3	0	0	67.066	-12.285	-25.289
1331	3	40	0	0	63.826	22.867	-10.042
1332	3	0	3	0	82.605	-3.904	-4.629
1333	40	0	3	0	68.139	-15.096	-22.032
1334	0	3	3	0	82.146	-0.266	-3.670
1335	3	3	3	0	80.983	-1.712	-5.312
1336	40	3	3	0	66.795	-13.045	-22.457
1337	0	40	3	0	64.613	24.048	-6.107
1338	3	40	3	0	63.560	22.666	-7.577
1339	40	40	3	0	51.406	9.825	-22.844
1340	3	0	40	0	80.305	-6.766	28.918
1341	0	3	40	0	79.895	-3.093	29.645
1342	3	3	40	0	78.679	-4.624	27.816
1343	40	3	40	0	64.423	-18.265	7.918
1344	3	40	40	0	61.312	21.022	20.830
1345	3	0	0	3	80.803	-3.237	-7.444
1346	40	0	0	3	66.794	-14.137	-24.103
1347	40	27	27	80	21.987	-0.460	-2.759
1348	20	12	12	100	16.204	-1.093	-1.449
1349	20	12	12	10	63.346	-1.967	-6.325
1350	60	45	45	0	42.244	-0.553	-2.402
1351	40	100	40	100	11.918	10.762	2.136
1352	40	40	40	100	14.529	1.132	1.348
1353	40	0	40	100	17.657	-9.283	2.597
1354	0	100	100	80	18.751	20.983	16.815
1355	0	70	100	80	21.147	15.293	19.241
1356	0	40	100	80	24.864	7.433	23.911
1357	0	0	100	80	32.177	-5.716	32.392
1358	0	100	70	80	18.347	22.906	12.858
1359	0	70	70	80	20.966	16.978	14.539
1360	0	40	70	80	24.604	8.541	17.401
1361	0	0	70	80	32.058	-5.040	23.916
1362	0	0	0	100	17.000	-1.000	-0.000
1363	0	0	0	98	18.078	-1.000	-0.219
1364	0	0	0	95	20.086	-1.007	-0.608
1365	0	0	0	90	24.005	-1.057	-1.165
1366	0	0	0	85	28.160	-1.052	-1.670
1367	0	0	0	80	32.272	-1.053	-2.057
1368	0	0	0	75	36.235	-1.040	-2.475
1369	0	0	0	70	40.008	-1.053	-2.787
1370	0	0	0	60	47.007	-1.154	-3.301
1371	0	0	0	50	53.410	-1.270	-3.812
1372	0	0	0	40	59.432	-1.418	-4.362
1373	0	0	0	30	65.295	-1.549	-4.882
1374	0	0	0	25	68.232	-1.601	-5.061
1375	0	0	0	20	71.210	-1.662	-5.241
1376	0	0	0	15	74.255	-1.742	-5.410
1377	0	0	0	10	77.386	-1.845	-5.484
1378	0	0	0	7	79.330	-1.931	-5.855
1379	0	0	0	5	80.641	-1.961	-5.947
1380	0	0	0	3	81.959	-1.997	-5.701
1381	0	0	0	2	82.636	-1.997	-5.850
1382	10	6	6	100	16.791	-0.976	-0.740
1383	40	27	27	0	55.083	-1.234	-4.395
1384	100	100	40	100	11.269	5.998	-1.338
1385	100	40	40	100	13.315	-3.693	-3.520
1386	100	0	40	100	16.734	-14.798	-3.264
1387	40	100	100	80	16.205	12.511	11.570
1388	40	70	100	80	17.881	7.421	12.756
1389	40	40	100	80	20.771	-0.441	15.597
1390	40	0	100	80	27.356	-14.339	22.475
1391	40	100	70	80	15.405	14.827	6.953
1392	40	70	70	80	17.470	8.843	7.312
1393	40	40	70	80	20.481	0.883	8.843
1394	40	0	70	80	27.030	-13.310	13.881
1395	0	0	100	0	79.000	-6.000	88.000
1396	0	0	98	0	79.263	-6.192	87.141
1397	0	0	95	0	79.352	-6.218	85.048
1398	0	0	90	0	79.387	-6.161	80.470
1399	0	0	85	0	79.514	-6.297	75.234
1400	0	0	80	0	79.682	-6.270	69.876
1401	0	0	75	0	79.850	-6.320	64.400
1402	0	0	70	0	80.113	-6.214	59.175
1403	0	0	60	0	80.587	-6.042	49.152
1404	0	0	50	0	81.047	-5.725	39.727
1405	0	0	40	0	81.569	-5.315	30.833
1406	0	0	30	0	82.112	-4.888	22.111
1407	0	0	25	0	82.350	-4.487	17.629
1408	0	0	20	0	82.553	-4.105	13.003
1409	0	0	15	0	82.910	-3.800	8.532
1410	0	0	10	0	83.286	-3.320	3.899
1411	0	0	7	0	83.405	-3.032	0.880
1412	0	0	5	0	83.690	-2.750	-0.869
1413	0	0	3	0	83.787	-2.541	-2.954
1414	0	0	2	0	83.873	-2.363	-3.937
1415	10	6	6	80	29.464	-1.191	-2.619
1416	20	12	12	0	68.895	-2.140	-6.615
1417	0	100	100	100	14.162	11.043	11.389
1418	0	40	100	100	16.714	2.126	12.993
1419	0	0	100	100	19.994	-6.642	16.905
1420	70	100	100	80	14.960	6.948	8.293
1421	70	70	100	80	16.327	1.745	8.782
1422	70	40	100	80	18.711	-6.335	11.179
1423	70	0	100	80	24.419	-21.010	16.678
1424	70	100	70	80	14.025	9.121	3.600
1425	70	70	70	80	15.727	3.370	3.297
1426	70	40	70	80	18.402	-4.794	4.400
1427	70	0	70	80	24.282	-19.352	8.112
1428	0	100	0	0	42.000	64.000	-5.000
1429	0	98	0	0	42.314	63.352	-5.203
1430	0	95	0	0	42.967	62.165	-5.785
1431	0	90	0	0	44.412	59.605	-6.995
1432	0	85	0	0	46.091	56.247	-7.223
1433	0	80	0	0	48.042	52.745	-7.712
1434	0	75	0	0	50.101	49.078	-8.113
1435	0	70	0	0	52.205	45.314	-8.305
1436	0	60	0	0	56.466	38.018	-8.757
1437	0	50	0	0	60.717	31.144	-8.934
1438	0	40	0	0	64.896	24.249	-8.643
1439	0	30	0	0	69.239	17.897	-8.282
1440	0	25	0	0	71.500	14.809	-7.976
1441	0	20	0	0	73.835	11.764	-7.746
1442	0	15	0	0	76.194	8.354	-7.408
1443	0	10	0	0	78.700	5.153	-7.119
1444	0	7	0	0	80.242	3.044	-6.750
1445	0	5	0	0	81.268	1.557	-6.706
1446	0	3	0	0	82.333	0.174	-6.702
1447	0	2	0	0	82.958	-0.120	-6.612
1448	10	6	6	60	42.363	-1.375	-3.788
1449	10	6	6	0	76.228	-2.246	-6.342
1450	40	100	100	100	13.346	6.449	8.699
1451	40	40	100	100	15.789	-2.559	10.142
1452	40	0	100	100	19.241	-12.569	13.121
1453	100	100	100	80	14.386	3.036	6.596
1454	100	70	100	80	15.811	-2.551	6.867
1455	100	40	100	80	17.972	-11.297	8.638
1456	100	0	100	80	22.844	-26.480	12.445
1457	100	100	70	80	13.434	4.963	1.881
1458	100	70	70	80	14.857	-0.928	1.062
1459	100	40	70	80	17.284	-9.304	1.507
1460	100	0	70	80	22.427	-24.569	3.875
1461	100	0	0	0	50.000	-32.000	-48.000
1462	98	0	0	0	50.383	-32.010	-47.527
1463	95	0	0	0	50.887	-31.464	-46.826
1464	90	0	0	0	52.001	-30.264	-45.318
1465	85	0	0	0	53.329	-28.750	-43.626
1466	80	0	0	0	54.818	-27.029	-41.816
1467	75	0	0	0	56.412	-25.239	-39.908
1468	70	0	0	0	58.061	-23.510	-37.832
1469	60	0	0	0	61.499	-20.310	-33.501
1470	50	0	0	0	64.966	-17.261	-29.155
1471	40	0	0	0	68.379	-14.231	-24.818
1472	30	0	0	0	71.859	-11.244	-20.377
1473	25	0	0	0	73.704	-9.815	-18.179
1474	20	0	0	0	75.665	-8.484	-15.974
1475	15	0	0	0	77.653	-7.055	-13.555
1476	10	0	0	0	79.776	-5.572	-11.385
1477	7	0	0	0	81.000	-4.624	-9.515
1478	5	0	0	0	81.867	-3.942	-8.554
1479	3	0	0	0	82.807	-3.315	-7.748
1480	2	0	0	0	83.194	-2.883	-7.129
1481	10	6	6	40	53.764	-1.688	-4.793
1482	5	3	3	0	80.040	-2.344	-6.336
1483	100	100	100	100	13.193	1.702	5.800
1484	100	40	100	100	15.156	-7.968	6.421
1485	100	0	100	100	18.341	-19.119	8.867
1486	0	0	0	10	77.386	-1.845	-5.484
1487	0	0	10	10	76.801	-3.052	3.718
1488	0	0	20	10	76.197	-3.826	12.088
1489	0	0	40	10	74.956	-4.994	28.656
1490	0	0	70	10	73.491	-5.929	54.644
1491	0	10	0	10	72.447	4.831	-6.662
1492	0	10	10	10	71.853	3.680	2.089
1493	0	10	20	10	71.186	2.932	10.202
1494	0	10	40	10	70.153	1.829	25.960
1495	0	10	70	10	68.653	1.077	50.339
1496	0	20	0	10	67.851	11.195	-7.232
1497	0	20	10	10	67.294	10.059	1.124
1498	0	20	20	10	66.656	9.335	8.945
1499	0	20	40	10	65.729	8.290	24.025
1500	0	20	70	10	64.390	7.701	46.914
1501	0	40	0	10	59.460	23.286	-8.261
1502	0	40	10	10	58.808	22.451	-0.421
1503	0	40	20	10	58.299	21.775	6.708
1504	0	40	40	10	57.354	21.080	20.537
1505	0	40	70	10	56.266	20.583	40.754
1506	0	70	0	10	47.824	42.516	-7.787
1507	0	70	10	10	47.665	41.387	-1.211
1508	0	70	20	10	47.360	40.616	5.019
1509	0	70	40	10	46.663	40.011	16.716
1510	0	70	70	10	46.026	38.956	33.313
1511	10	0	0	10	73.304	-5.203	-10.494
1512	10	0	10	10	72.729	-6.567	-1.568
1513	10	0	20	10	72.146	-7.509	6.643
1514	10	0	40	10	71.072	-8.892	23.007
1515	10	0	70	10	69.609	-10.149	48.445
1516	10	10	0	10	68.742	1.421	-11.502
1517	10	10	10	10	68.088	0.095	-3.024
1518	10	10	20	10	67.408	-0.772	4.943
1519	10	10	40	10	66.389	-2.086	20.428
1520	10	10	70	10	65.015	-3.158	44.544
1521	10	20	0	10	64.349	7.611	-11.961
1522	10	20	10	10	63.727	6.356	-3.750
1523	10	20	20	10	63.051	5.538	3.858
1524	10	20	40	10	62.095	4.347	18.622
1525	10	20	70	10	60.739	3.455	41.395
1526	10	40	0	10	56.095	19.662	-12.652
1527	10	40	10	10	55.501	18.604	-5.027
1528	10	40	20	10	54.990	17.788	1.952
1529	10	40	40	10	54.173	16.771	15.478
1530	10	40	70	10	52.898	16.155	35.626
1531	10	70	0	10	44.935	38.601	-12.265
1532	10	70	10	10	44.625	37.514	-5.593
1533	10	70	20	10	44.272	36.684	0.544
1534	10	70	40	10	43.714	35.707	12.109
1535	10	70	70	10	43.118	34.484	28.571
1536	20	0	0	10	69.636	-8.058	-14.946
1537	20	0	10	10	69.094	-9.487	-6.159
1538	20	0	20	10	68.459	-10.582	1.871
1539	20	0	40	10	67.388	-12.260	17.800
1540	20	0	70	10	65.991	-13.776	42.435
1541	20	10	0	10	65.076	-1.541	-15.941
1542	20	10	10	10	64.416	-2.960	-7.655
1543	20	10	20	10	63.746	-3.936	0.258
1544	20	10	40	10	62.746	-5.493	15.343
1545	20	10	70	10	61.454	-6.825	38.846
1546	20	20	0	10	60.870	4.540	-16.296
1547	20	20	10	10	60.179	3.174	-8.198
1548	20	20	20	10	59.502	2.270	-0.689
1549	20	20	40	10	58.558	0.871	13.734
1550	20	20	70	10	57.213	-0.285	35.893
1551	20	40	0	10	52.974	16.319	-16.639
1552	20	40	10	10	52.303	15.155	-9.275
1553	20	40	20	10	51.762	14.309	-2.380
1554	20	40	40	10	51.019	13.105	10.930
1555	20	40	70	10	49.637	12.303	30.705
1556	20	70	0	10	42.139	34.860	-16.105
1557	20	70	10	10	41.791	33.754	-9.580
1558	20	70	20	10	41.418	32.940	-3.518
1559	20	70	40	10	40.978	31.626	7.851
1560	20	70	70	10	40.496	30.277	24.180
1561	40	0	0	10	63.196	-13.340	-23.073
1562	40	0	10	10	62.369	-15.474	-14.793
1563	40	0	20	10	61.750	-16.825	-7.091
1564	40	0	40	10	60.728	-19.076	8.246
1565	40	0	70	10	59.471	-21.262	32.164
1566	40	10	0	10	58.875	-7.187	-23.709
1567	40	10	10	10	58.066	-9.060	-15.669
1568	40	10	20	10	57.373	-10.404	-8.186
1569	40	10	40	10	56.398	-12.521	6.308
1570	40	10	70	10	54.981	-14.557	28.642
1571	40	20	0	10	54.820	-1.335	-23.838
1572	40	20	10	10	54.057	-3.063	-16.051
1573	40	20	20	10	53.376	-4.343	-8.882
1574	40	20	40	10	52.505	-6.282	4.972
1575	40	20	70	10	51.122	-8.080	25.970
1576	40	40	0	10	47.261	10.151	-23.923
1577	40	40	10	10	46.598	8.593	-16.811
1578	40	40	20	10	46.090	7.409	-10.161
1579	40	40	40	10	45.466	5.652	2.583
1580	40	40	70	10	44.252	4.203	21.566
1581	40	70	0	10	37.258	27.591	-23.106
1582	40	70	10	10	36.870	26.322	-16.724
1583	40	70	20	10	36.514	25.330	-10.811
1584	40	70	40	10	36.120	23.682	0.219
1585	40	70	70	10	35.561	22.009	16.368
1586	70	0	0	10	53.544	-22.197	-35.400
1587	70	0	10	10	52.963	-25.043	-27.223
1588	70	0	20	10	52.318	-27.276	-20.090
1589	70	0	40	10	51.297	-31.020	-5.716
1590	70	0	70	10	49.888	-35.107	16.398
1591	70	10	0	10	49.708	-16.284	-35.310
1592	70	10	10	10	49.065	-19.001	-27.529
1593	70	10	20	10	48.416	-21.224	-20.594
1594	70	10	40	10	47.357	-24.818	-7.160
1595	70	10	70	10	46.047	-28.392	14.087
1596	70	20	0	10	46.039	-10.777	-34.821
1597	70	20	10	10	45.424	-13.366	-27.473
1598	70	20	20	10	44.776	-15.430	-20.766
1599	70	20	40	10	43.776	-18.655	-7.892
1600	70	20	70	10	42.626	-21.822	12.249
1601	70	40	0	10	39.374	-0.243	-34.174
1602	70	40	10	10	38.782	-2.434	-27.315
1603	70	40	20	10	38.147	-4.160	-21.114
1604	70	40	40	10	37.499	-7.030	-9.312
1605	70	40	70	10	36.563	-9.791	8.829
1606	70	70	0	10	30.556	16.111	-32.601
1607	70	70	10	10	30.160	14.123	-26.574
1608	70	70	20	10	29.632	12.574	-21.337
1609	70	70	40	10	29.371	10.052	-10.574
1610	70	70	70	10	28.804	7.606	5.074
1611	50	40	40	0	46.731	1.499	-1.007
1612	100	0	0	10	46.258	-29.999	-44.747
1613	0	100	0	10	38.638	59.546	-5.104
1614	0	0	100	10	72.626	-5.820	80.553
1615	0	100	100	10	37.957	52.697	39.656
1616	100	0	100	10	40.951	-55.776	25.624
1617	100	100	0	10	18.556	20.138	-37.067
END_DATA
