ISO28178
FILE_DESCRIPTOR	"FOGRA59"
ORIGINATOR	"Fogra. www.fogra.org"
CREATED	"March 2020"
TARGET_TYPE	"ISO12642-2"
INSTRUMENTATION	"D50, 2 degree, geometry 45/0, no polarisation filter, white backing, according to ISO 13655:2009 M1"
PRINT_CONDITIONS	"Large gamut Colour Exchange Space, V2"
ILLUMINATION_NAME	"D50"
OBSERVER_ANGLE	"2"
FILTER	"M1"
WEIGHTING_FUNCTION	"ILLUMINANT, D50"
WEIGHTING_FUNCTION	"OBSERVER, 2 degree"

# The following flag is intended to improve compatibility with legacy devices.
KEYWORD	"TRACEABILITY"
TRACEABILITY	"NIST"

NUMBER_OF_FIELDS	8
BEGIN_DATA_FORMAT
SAMPLE_ID	CMYK_C	CMYK_M	CMYK_Y	CMYK_K	LAB_L	LAB_A	LAB_B
END_DATA_FORMAT
NUMBER_OF_SETS	1617
BEGIN_DATA
1	0	0	0	0	96.524	1.0169	-3.034
2	0	10	0	0	92.836	8.8888	-5.848
3	0	20	0	0	88.927	17.054	-8.2995
4	0	30	0	0	84.864	25.236	-10.279
5	0	40	0	0	80.577	33.11	-11.425
6	0	55	0	0	73.826	44.358	-12.201
7	0	70	0	0	66.483	56.709	-12.532
8	0	85	0	0	58.9	69.278	-10.948
9	0	100	0	0	51.99	80.324	-7.434
10	10	0	0	0	92.999	-3.1642	-8.7275
11	10	10	0	0	88.953	4.7157	-11.294
12	10	20	0	0	84.892	12.732	-13.443
13	10	30	0	0	80.797	20.967	-15.295
14	10	40	0	0	76.576	28.766	-16.416
15	10	55	0	0	69.921	39.849	-17.206
16	10	70	0	0	62.699	52.099	-17.563
17	10	85	0	0	55.606	64.089	-17.146
18	10	100	0	0	48.827	75.341	-16.131
19	20	0	0	0	89.445	-7.2737	-14.163
20	20	10	0	0	85.253	0.4952	-16.542
21	20	20	0	0	81.057	8.51	-18.526
22	20	30	0	0	76.862	16.676	-20.199
23	20	40	0	0	72.671	24.43	-21.259
24	20	55	0	0	66.253	35.462	-21.987
25	20	70	0	0	59.141	47.634	-22.524
26	20	85	0	0	52.356	59.286	-22.671
27	20	100	0	0	45.785	70.472	-22.612
28	30	0	0	0	85.857	-11.361	-19.311
29	30	10	0	0	81.684	-3.7998	-21.449
30	30	20	0	0	77.377	4.1194	-23.299
31	30	30	0	0	73.059	12.265	-24.869
32	30	40	0	0	68.903	20.012	-25.911
33	30	55	0	0	62.659	30.977	-26.69
34	30	70	0	0	55.756	43.079	-27.347
35	30	85	0	0	49.233	54.594	-27.712
36	30	100	0	0	42.89	65.669	-27.847
37	40	0	0	0	82.201	-15.547	-24.368
38	40	10	0	0	78.001	-8.2169	-26.287
39	40	20	0	0	73.7	-0.4148	-28
40	40	30	0	0	69.341	7.6476	-29.45
41	40	40	0	0	65.189	15.379	-30.473
42	40	55	0	0	59.12	26.429	-31.279
43	40	70	0	0	52.442	38.458	-31.984
44	40	85	0	0	46.152	49.884	-32.501
45	40	100	0	0	40.027	60.85	-32.838
46	55	0	0	0	76.096	-21.843	-31.779
47	55	10	0	0	72.128	-14.749	-33.217
48	55	20	0	0	67.955	-7.3394	-34.76
49	55	30	0	0	63.876	0.2718	-35.8
50	55	40	0	0	59.776	7.9999	-36.648
51	55	55	0	0	53.837	19.32	-37.573
52	55	70	0	0	47.641	31.288	-38.353
53	55	85	0	0	41.821	42.666	-38.959
54	55	100	0	0	36.106	53.629	-39.372
55	70	0	0	0	69.49	-28.401	-39.333
56	70	10	0	0	65.737	-21.649	-40.527
57	70	20	0	0	61.85	-14.464	-41.538
58	70	30	0	0	58.009	-7.0359	-42.305
59	70	40	0	0	54.151	0.5621	-42.948
60	70	55	0	0	48.501	11.824	-43.743
61	70	70	0	0	42.655	23.792	-44.486
62	70	85	0	0	37.237	35.211	-45.141
63	70	100	0	0	32	46.254	-45.64
64	85	0	0	0	62.092	-35.257	-46.823
65	85	10	0	0	58.891	-28.731	-47.462
66	85	20	0	0	55.623	-21.945	-47.879
67	85	30	0	0	52.055	-14.67	-48.435
68	85	40	0	0	48.566	-7.2687	-48.855
69	85	55	0	0	43.34	3.8685	-49.473
70	85	70	0	0	37.874	15.824	-50.138
71	85	85	0	0	32.786	27.387	-50.852
72	85	100	0	0	27.928	38.728	-51.442
73	100	0	0	0	51.04	-39.797	-55.45
74	100	10	0	0	49.841	-35.398	-55.467
75	100	20	0	0	47.587	-29.677	-55.418
76	100	30	0	0	44.635	-22.959	-55.442
77	100	40	0	0	41.601	-16.031	-55.678
78	100	55	0	0	37.203	-5.6277	-55.989
79	100	70	0	0	32.299	6.1668	-56.643
80	100	85	0	0	27.601	17.842	-57.455
81	100	100	0	0	22.89	29.684	-58.306
82	0	0	10	0	96.224	-0.1508	7.083
83	0	10	10	0	92.356	8.0939	4.2202
84	0	20	10	0	88.434	16.41	1.6502
85	0	30	10	0	84.391	24.778	-0.6138
86	0	40	10	0	80.185	32.789	-2.2216
87	0	55	10	0	73.547	44.186	-3.3882
88	0	70	10	0	66.33	56.723	-4.1673
89	0	85	10	0	59.245	68.899	-4.1449
90	0	100	10	0	52.39	80.309	-3.0784
91	10	0	10	0	92.479	-4.8294	0.8741
92	10	10	10	0	87.06	2.5049	-0.8774
93	10	20	10	0	83.305	10.172	-3.1644
94	10	30	10	0	79.687	17.946	-5.275
95	10	40	10	0	75.879	25.688	-6.9817
96	10	55	10	0	69.658	36.752	-8.4087
97	10	70	10	0	62.507	49.396	-9.5959
98	10	85	10	0	55.045	62.541	-10.15
99	10	100	10	0	48.236	74.205	-10.016
100	20	0	10	0	88.823	-9.3975	-4.9424
101	20	10	10	0	83.228	-2.0989	-6.5397
102	20	20	10	0	79.106	5.3794	-8.4641
103	20	30	10	0	75.343	13.137	-10.471
104	20	40	10	0	71.502	20.803	-12.073
105	20	55	10	0	65.503	31.801	-13.483
106	20	70	10	0	58.485	44.299	-14.778
107	20	85	10	0	51.241	57.215	-15.725
108	20	100	10	0	44.665	68.748	-16.142
109	30	0	10	0	85.213	-13.822	-10.4
110	30	10	10	0	79.954	-6.2475	-11.538
111	30	20	10	0	75.63	1.282	-13.342
112	30	30	10	0	71.54	8.6736	-15.022
113	30	40	10	0	67.611	16.248	-16.634
114	30	55	10	0	61.727	27.149	-18.124
115	30	70	10	0	54.897	39.539	-19.515
116	30	85	10	0	47.878	52.286	-20.679
117	30	100	10	0	41.546	63.682	-21.34
118	40	0	10	0	81.481	-18.243	-15.704
119	40	10	10	0	76.572	-10.53	-16.427
120	40	20	10	0	72.158	-2.9895	-18.071
121	40	30	10	0	67.883	4.5026	-19.647
122	40	40	10	0	63.947	11.703	-20.967
123	40	55	10	0	58.163	22.608	-22.563
124	40	70	10	0	51.517	34.837	-24.009
125	40	85	10	0	44.745	47.481	-25.314
126	40	100	10	0	38.62	58.761	-26.187
127	55	0	10	0	75.344	-24.944	-23.271
128	55	10	10	0	71.039	-17.339	-23.634
129	55	20	10	0	66.576	-9.8444	-25.044
130	55	30	10	0	62.464	-2.5816	-26.294
131	55	40	10	0	58.581	4.6077	-27.354
132	55	55	10	0	52.933	15.371	-28.758
133	55	70	10	0	46.73	27.562	-30.389
134	55	85	10	0	40.455	40.089	-31.719
135	55	100	10	0	34.767	51.385	-32.658
136	70	0	10	0	68.804	-31.962	-30.973
137	70	10	10	0	64.752	-24.533	-31.07
138	70	20	10	0	60.512	-17.222	-32.087
139	70	30	10	0	56.573	-10.052	-33.05
140	70	40	10	0	52.853	-2.8916	-33.943
141	70	55	10	0	47.422	7.8921	-35.211
142	70	70	10	0	41.696	19.781	-36.521
143	70	85	10	0	35.861	32.324	-37.916
144	70	100	10	0	30.625	43.699	-38.925
145	85	0	10	0	61.718	-39.312	-38.318
146	85	10	10	0	57.683	-32.426	-38.462
147	85	20	10	0	54.045	-25.507	-39.016
148	85	30	10	0	50.396	-18.403	-39.692
149	85	40	10	0	46.91	-11.32	-40.407
150	85	55	10	0	41.895	-0.6153	-41.548
151	85	70	10	0	36.552	11.213	-42.734
152	85	85	10	0	31.177	23.722	-43.981
153	85	100	10	0	26.34	35.464	-45.051
154	100	0	10	0	52.606	-46.735	-46.824
155	100	10	10	0	49.052	-40.266	-46.479
156	100	20	10	0	46.003	-33.795	-46.585
157	100	30	10	0	42.909	-27.181	-46.87
158	100	40	10	0	39.9	-20.498	-47.367
159	100	55	10	0	35.707	-10.49	-48.201
160	100	70	10	0	30.932	1.1239	-49.322
161	100	85	10	0	26.057	13.611	-50.713
162	100	100	10	0	21.395	25.782	-51.906
163	0	0	20	0	95.857	-1.198	16.891
164	0	10	20	0	91.89	7.25	13.843
165	0	20	20	0	87.901	15.781	10.984
166	0	30	20	0	83.857	24.293	8.5052
167	0	40	20	0	79.702	32.421	6.6698
168	0	55	20	0	73.256	43.964	5.0074
169	0	70	20	0	66.161	56.631	3.5694
170	0	85	20	0	59.335	68.692	2.6379
171	0	100	20	0	52.68	80.115	2.158
172	10	0	20	0	91.93	-6.3397	10.377
173	10	10	20	0	86.388	1.3489	8.3641
174	10	20	20	0	82.353	9.0588	6.0118
175	10	30	20	0	78.666	16.98	3.6194
176	10	40	20	0	74.858	24.801	1.6137
177	10	55	20	0	68.854	35.996	-0.2715
178	10	70	20	0	61.819	48.713	-2.0906
179	10	85	20	0	54.567	61.818	-3.4284
180	10	100	20	0	47.955	73.438	-4.1204
181	20	0	20	0	88.204	-11.23	4.221
182	20	10	20	0	82.239	-3.704	2.5264
183	20	20	20	0	77.836	3.6961	0.552
184	20	30	20	0	74.043	10.886	-1.4081
185	20	40	20	0	70.341	18.187	-3.2251
186	20	55	20	0	64.74	29.052	-5.1786
187	20	70	20	0	57.906	41.658	-7.168
188	20	85	20	0	50.362	55.474	-9.0768
189	20	100	20	0	43.862	67.255	-10.155
190	30	0	20	0	84.532	-15.991	-1.5299
191	30	10	20	0	78.851	-8.1373	-2.753
192	30	20	20	0	74.175	-0.8153	-4.2332
193	30	30	20	0	70.162	6.2934	-6.0264
194	30	40	20	0	66.351	13.498	-7.8403
195	30	55	20	0	60.765	24.19	-9.8633
196	30	70	20	0	54.104	36.638	-11.934
197	30	85	20	0	46.804	50.306	-13.938
198	30	100	20	0	40.538	61.941	-15.287
199	40	0	20	0	80.771	-20.806	-7.0829
200	40	10	20	0	75.399	-12.685	-7.8735
201	40	20	20	0	70.726	-5.1205	-8.9282
202	40	30	20	0	66.496	2.0807	-10.604
203	40	40	20	0	62.576	8.9519	-12.124
204	40	55	20	0	57.027	19.519	-14.259
205	40	70	20	0	50.545	31.825	-16.369
206	40	85	20	0	43.503	45.348	-18.433
207	40	100	20	0	37.437	56.878	-19.93
208	55	0	20	0	74.684	-27.805	-14.954
209	55	10	20	0	69.942	-19.86	-15.271
210	55	20	20	0	65.313	-12.095	-15.985
211	55	30	20	0	61.188	-5.0706	-17.369
212	55	40	20	0	57.371	1.794	-18.639
213	55	55	20	0	51.849	12.199	-20.506
214	55	70	20	0	45.692	24.375	-22.748
215	55	85	20	0	39.135	37.774	-24.825
216	55	100	20	0	33.519	49.301	-26.372
217	70	0	20	0	68.191	-35.266	-22.806
218	70	10	20	0	63.719	-27.451	-22.854
219	70	20	20	0	59.305	-19.752	-23.237
220	70	30	20	0	55.3	-12.757	-24.337
221	70	40	20	0	51.583	-5.8722	-25.444
222	70	55	20	0	46.226	4.5603	-27.105
223	70	70	20	0	40.6	16.303	-28.993
224	70	85	20	0	34.45	29.698	-31.051
225	70	100	20	0	29.296	41.312	-32.66
226	85	0	20	0	61.336	-43.09	-30.212
227	85	10	20	0	56.853	-35.796	-30.394
228	85	20	20	0	52.732	-28.817	-30.666
229	85	30	20	0	48.956	-21.782	-31.476
230	85	40	20	0	45.411	-14.885	-32.397
231	85	55	20	0	40.467	-4.4976	-33.931
232	85	70	20	0	35.192	7.1688	-35.636
233	85	85	20	0	29.596	20.394	-37.456
234	85	100	20	0	24.836	32.425	-39.076
235	100	0	20	0	52.812	-51.855	-38.699
236	100	10	20	0	48.569	-44.608	-38.462
237	100	20	20	0	44.789	-37.657	-38.356
238	100	30	20	0	41.502	-30.961	-38.781
239	100	40	20	0	38.383	-24.393	-39.498
240	100	55	20	0	34.292	-14.736	-40.722
241	100	70	20	0	29.589	-3.3061	-42.324
242	100	85	20	0	24.551	9.7846	-44.274
243	100	100	20	0	19.937	22.232	-45.993
244	0	0	30	0	95.432	-2.0907	26.552
245	0	10	30	0	91.433	6.497	23.248
246	0	20	30	0	87.39	15.22	20.213
247	0	30	30	0	83.309	23.917	17.548
248	0	40	30	0	79.217	32.118	15.385
249	0	55	30	0	72.935	43.688	13.017
250	0	70	30	0	65.968	56.383	10.762
251	0	85	30	0	59.295	68.362	8.9911
252	0	100	30	0	52.763	79.711	7.7527
253	10	0	30	0	91.43	-7.547	19.932
254	10	10	30	0	86.018	0.5324	16.723
255	10	20	30	0	81.794	8.5545	14.131
256	10	30	30	0	77.873	16.299	11.802
257	10	40	30	0	74.049	24.178	9.7587
258	10	55	30	0	68.197	35.453	7.3634
259	10	70	30	0	61.299	48.164	4.9349
260	10	85	30	0	54.202	61.19	2.7418
261	10	100	30	0	47.736	72.736	1.3253
262	20	0	30	0	87.62	-12.76	13.606
263	20	10	30	0	81.728	-4.7677	10.702
264	20	20	30	0	77.007	2.6788	8.3794
265	20	30	30	0	73.071	9.9394	6.2774
266	20	40	30	0	69.319	17.289	4.3813
267	20	55	30	0	63.777	28.204	2.0965
268	20	70	30	0	57.129	40.807	-0.4039
269	20	85	30	0	49.725	54.561	-2.995
270	20	100	30	0	43.384	66.271	-4.7255
271	30	0	30	0	83.864	-17.809	7.6156
272	30	10	30	0	78.003	-9.6352	5.3892
273	30	20	30	0	73.191	-2.1102	3.422
274	30	30	30	0	69.077	5.043	1.4744
275	30	40	30	0	65.35	11.867	-0.2806
276	30	55	30	0	59.956	22.204	-2.4927
277	30	70	30	0	53.493	34.514	-5.0479
278	30	85	30	0	46.052	48.752	-7.8335
279	30	100	30	0	39.854	60.554	-9.7787
280	40	0	30	0	80.072	-22.889	1.8526
281	40	10	30	0	74.456	-14.426	0.2176
282	40	20	30	0	69.625	-6.6321	-1.3427
283	40	30	30	0	65.371	0.4895	-2.9799
284	40	40	30	0	61.518	7.2214	-4.6701
285	40	55	30	0	56.195	17.439	-6.9187
286	40	70	30	0	49.822	29.568	-9.5146
287	40	85	30	0	42.635	43.668	-12.284
288	40	100	30	0	36.663	55.339	-14.323
289	55	0	30	0	74.02	-30.349	-6.2607
290	55	10	30	0	68.931	-21.965	-7.2505
291	55	20	30	0	64.122	-13.963	-8.4319
292	55	30	30	0	60.119	-6.9714	-9.6121
293	55	40	30	0	56.386	-0.2839	-11.064
294	55	55	30	0	50.907	9.9471	-13.182
295	55	70	30	0	44.757	21.923	-15.791
296	55	85	30	0	38.047	35.888	-18.566
297	55	100	30	0	32.496	47.548	-20.636
298	70	0	30	0	67.602	-38.252	-14.318
299	70	10	30	0	62.757	-29.975	-14.966
300	70	20	30	0	58.134	-22.005	-15.769
301	70	30	30	0	54.219	-14.953	-16.641
302	70	40	30	0	50.508	-8.227	-17.921
303	70	55	30	0	45.212	1.9791	-19.909
304	70	70	30	0	39.558	13.589	-22.18
305	70	85	30	0	33.245	27.535	-24.877
306	70	100	30	0	28.131	39.282	-26.92
307	85	0	30	0	60.904	-46.536	-21.874
308	85	10	30	0	56.04	-38.773	-22.62
309	85	20	30	0	51.697	-31.493	-23.289
310	85	30	30	0	47.755	-24.618	-24.091
311	85	40	30	0	44.176	-17.827	-25.168
312	85	55	30	0	39.25	-7.6782	-27.044
313	85	70	30	0	33.969	3.8406	-29.171
314	85	85	30	0	28.211	17.59	-31.565
315	85	100	30	0	23.504	29.776	-33.615
316	100	0	30	0	52.538	-55.946	-30.576
317	100	10	30	0	47.968	-48.275	-30.913
318	100	20	30	0	43.911	-40.936	-31.176
319	100	30	30	0	40.428	-34.224	-31.591
320	100	40	30	0	37.253	-27.686	-32.43
321	100	55	30	0	33.168	-18.188	-34.006
322	100	70	30	0	28.409	-6.9894	-35.971
323	100	85	30	0	23.208	6.5574	-38.445
324	100	100	30	0	18.633	19.123	-40.607
325	0	0	40	0	95.022	-2.8282	36.472
326	0	10	40	0	91.046	5.7408	33.191
327	0	20	40	0	87.044	14.423	30.163
328	0	30	40	0	82.871	23.342	27.193
329	0	40	40	0	78.767	31.645	24.624
330	0	55	40	0	72.492	43.45	21.451
331	0	70	40	0	65.596	55.994	18.39
332	0	85	40	0	58.959	67.837	15.701
333	0	100	40	0	52.507	79.058	13.69
334	10	0	40	0	90.98	-8.4211	29.984
335	10	10	40	0	85.781	-0.1771	25.738
336	10	20	40	0	81.483	7.9767	22.918
337	10	30	40	0	77.393	15.977	20.341
338	10	40	40	0	73.57	23.492	18.117
339	10	55	40	0	67.587	35.039	15.258
340	10	70	40	0	60.859	47.668	12.227
341	10	85	40	0	53.848	60.624	9.253
342	10	100	40	0	47.498	72.042	7.0704
343	20	0	40	0	87.124	-13.857	23.651
344	20	10	40	0	81.443	-5.6629	19.561
345	20	20	40	0	76.64	1.9265	16.463
346	20	30	40	0	72.474	9.3893	14.175
347	20	40	40	0	68.675	16.432	12.116
348	20	55	40	0	62.942	27.584	9.487
349	20	70	40	0	56.441	40.116	6.5495
350	20	85	40	0	49.24	53.857	3.3625
351	20	100	40	0	43.053	65.47	1.0375
352	30	0	40	0	83.275	-19.244	17.445
353	30	10	40	0	77.538	-10.876	13.947
354	30	20	40	0	72.68	-3.189	11.203
355	30	30	40	0	68.38	3.9398	9.0298
356	30	40	40	0	64.545	10.793	7.0746
357	30	55	40	0	58.99	21.352	4.4605
358	30	70	40	0	52.607	33.621	1.5658
359	30	85	40	0	45.356	47.812	-1.7924
360	30	100	40	0	39.315	59.532	-4.1979
361	40	0	40	0	79.412	-24.612	11.5
362	40	10	40	0	73.841	-15.963	8.6794
363	40	20	40	0	69.06	-8.1993	6.3932
364	40	30	40	0	64.658	-0.9315	4.4878
365	40	40	40	0	60.716	5.9017	2.5547
366	40	55	40	0	55.362	15.99	-0.0496
367	40	70	40	0	49.153	27.913	-2.8761
368	40	85	40	0	41.943	42.33	-6.3619
369	40	100	40	0	36.013	54.093	-8.8202
370	55	0	40	0	73.385	-32.602	3.1715
371	55	10	40	0	68.068	-23.841	1.0186
372	55	20	40	0	63.386	-15.868	-0.7988
373	55	30	40	0	59.092	-8.505	-2.3774
374	55	40	40	0	55.328	-1.8291	-4.0661
375	55	55	40	0	49.95	8.21	-6.6353
376	55	70	40	0	44.028	20.033	-9.2587
377	55	85	40	0	37.222	34.311	-12.675
378	55	100	40	0	31.721	46.051	-15.141
379	70	0	40	0	67.017	-40.977	-5.171
380	70	10	40	0	61.921	-32.305	-6.8354
381	70	20	40	0	57.351	-24.29	-8.2609
382	70	30	40	0	53.16	-16.85	-9.5241
383	70	40	40	0	49.535	-10.116	-10.971
384	70	55	40	0	44.307	-0.0753	-13.345
385	70	70	40	0	38.697	11.448	-15.831
386	70	85	40	0	32.27	25.672	-19.081
387	70	100	40	0	27.172	37.503	-21.485
388	85	0	40	0	60.438	-49.725	-12.914
389	85	10	40	0	55.334	-41.601	-14.582
390	85	20	40	0	50.83	-34.039	-15.848
391	85	30	40	0	46.65	-26.841	-17.115
392	85	40	40	0	43.156	-20.355	-18.482
393	85	55	40	0	38.263	-10.369	-20.573
394	85	70	40	0	32.965	1.0742	-23.018
395	85	85	40	0	27.054	15.182	-26.044
396	85	100	40	0	22.341	27.432	-28.409
397	100	0	40	0	52.166	-59.724	-22.002
398	100	10	40	0	47.544	-51.77	-23.135
399	100	20	40	0	43.473	-44.352	-24.064
400	100	30	40	0	39.709	-37.282	-24.852
401	100	40	40	0	36.541	-30.885	-25.92
402	100	55	40	0	32.219	-21.256	-27.732
403	100	70	40	0	27.468	-10.141	-29.969
404	100	85	40	0	22.051	3.7329	-32.917
405	100	100	40	0	17.438	16.313	-35.491
406	0	0	55	0	94.397	-3.6811	51.942
407	0	10	55	0	90.389	5.2129	48.186
408	0	20	55	0	86.255	14.352	44.46
409	0	30	55	0	82.11	22.949	41.325
410	0	40	55	0	77.896	31.251	38.333
411	0	55	55	0	71.548	43.018	34.146
412	0	70	55	0	64.733	55.351	29.871
413	0	85	55	0	58.216	66.991	26.037
414	0	100	55	0	51.814	77.913	22.434
415	10	0	55	0	90.311	-9.6186	44.999
416	10	10	55	0	85.331	-0.9754	39.777
417	10	20	55	0	80.725	7.6143	36.448
418	10	30	55	0	76.509	15.667	33.587
419	10	40	55	0	72.529	23.339	30.945
420	10	55	55	0	66.549	34.383	27.162
421	10	70	55	0	59.891	46.857	23.247
422	10	85	55	0	53.051	59.603	19.242
423	10	100	55	0	46.813	70.799	15.684
424	20	0	55	0	86.394	-15.312	38.514
425	20	10	55	0	80.88	-6.7914	33.404
426	20	20	55	0	75.772	1.2644	29.263
427	20	30	55	0	71.502	8.8397	26.614
428	20	40	55	0	67.588	16.097	24.217
429	20	55	55	0	61.799	26.662	20.696
430	20	70	55	0	55.344	39.104	17.06
431	20	85	55	0	48.344	52.688	12.986
432	20	100	55	0	42.308	64.082	9.499
433	30	0	55	0	82.513	-21.063	32.183
434	30	10	55	0	76.805	-12.422	27.583
435	30	20	55	0	71.558	-4.2393	23.711
436	30	30	55	0	67.306	2.8559	20.728
437	30	40	55	0	63.299	9.9041	18.436
438	30	55	55	0	57.766	20.165	15.174
439	30	70	55	0	51.388	32.351	11.631
440	30	85	55	0	44.295	46.421	7.4788
441	30	100	55	0	38.449	57.958	4.0291
442	40	0	55	0	78.559	-26.742	25.926
443	40	10	55	0	72.944	-17.961	21.983
444	40	20	55	0	67.609	-9.5816	18.447
445	40	30	55	0	63.447	-2.463	15.764
446	40	40	55	0	59.591	4.2991	13.476
447	40	55	55	0	54.046	14.563	10.31
448	40	70	55	0	47.825	26.407	6.7894
449	40	85	55	0	40.713	40.715	2.565
450	40	100	55	0	35.032	52.333	-0.8355
451	55	0	55	0	72.466	-35.375	17.219
452	55	10	55	0	67.113	-26.346	13.883
453	55	20	55	0	62.004	-17.859	10.858
454	55	30	55	0	57.886	-10.6	8.5538
455	55	40	55	0	54.123	-3.8295	6.4931
456	55	55	55	0	48.762	6.3458	3.5402
457	55	70	55	0	42.985	17.887	0.1461
458	55	85	55	0	36.158	32.319	-4.0131
459	55	100	55	0	30.741	44.105	-7.3402
460	70	0	55	0	66.129	-44.416	8.5078
461	70	10	55	0	60.975	-35.494	5.764
462	70	20	55	0	56.007	-26.98	3.1838
463	70	30	55	0	51.898	-19.565	1.1249
464	70	40	55	0	48.27	-12.726	-0.7784
465	70	55	55	0	43.176	-2.6954	-3.612
466	70	70	55	0	37.523	8.8692	-6.7334
467	70	85	55	0	31.016	23.27	-10.629
468	70	100	55	0	25.979	35.158	-13.775
469	85	0	55	0	59.616	-53.87	0.1961
470	85	10	55	0	54.52	-45.53	-2.3998
471	85	20	55	0	49.944	-37.799	-4.7069
472	85	30	55	0	45.457	-30.244	-6.8553
473	85	40	55	0	41.895	-23.582	-8.7105
474	85	55	55	0	37.11	-13.791	-11.434
475	85	70	55	0	31.648	-2.41	-14.33
476	85	85	55	0	25.535	12.07	-18.041
477	85	100	55	0	20.865	24.317	-21.02
478	100	0	55	0	51.515	-64.806	-9.4299
479	100	10	55	0	46.864	-56.659	-11.444
480	100	20	55	0	42.329	-48.591	-13.307
481	100	30	55	0	38.642	-41.517	-14.994
482	100	40	55	0	35.431	-34.942	-16.521
483	100	55	55	0	31.133	-25.408	-18.913
484	100	70	55	0	26.263	-14.248	-21.507
485	100	85	55	0	20.517	-0.0369	-25.036
486	100	100	55	0	15.758	12.735	-28.239
487	0	0	70	0	93.764	-4.2239	69.171
488	0	10	70	0	89.682	4.9947	65.065
489	0	20	70	0	85.53	14.243	61.105
490	0	30	70	0	81.213	23.138	57.285
491	0	40	70	0	76.937	31.171	53.843
492	0	55	70	0	70.364	42.685	48.561
493	0	70	70	0	63.385	54.73	43.049
494	0	85	70	0	56.842	66.007	37.782
495	0	100	70	0	50.443	76.509	32.503
496	10	0	70	0	89.63	-10.328	62.095
497	10	10	70	0	84.517	-1.4178	56.057
498	10	20	70	0	79.943	7.3538	52.362
499	10	30	70	0	75.555	15.741	48.839
500	10	40	70	0	71.469	23.322	45.767
501	10	55	70	0	65.331	34.27	41.011
502	10	70	70	0	58.629	46.124	35.824
503	10	85	70	0	51.759	58.562	30.555
504	10	100	70	0	45.557	69.396	25.627
505	20	0	70	0	85.647	-16.374	55.398
506	20	10	70	0	79.991	-7.5937	49.448
507	20	20	70	0	74.914	0.693	44.436
508	20	30	70	0	70.402	8.6406	41.135
509	20	40	70	0	66.386	15.867	38.337
510	20	55	70	0	60.559	26.484	33.986
511	20	70	70	0	54.114	38.181	29.092
512	20	85	70	0	47.072	51.458	23.827
513	20	100	70	0	41.129	62.574	19.176
514	30	0	70	0	81.767	-22.465	49.055
515	30	10	70	0	75.935	-13.591	43.408
516	30	20	70	0	70.667	-5.2194	38.67
517	30	30	70	0	66.095	2.2965	34.634
518	30	40	70	0	62.087	9.3257	31.967
519	30	55	70	0	56.417	19.634	27.88
520	30	70	70	0	50.15	31.235	23.226
521	30	85	70	0	43.066	45.087	17.997
522	30	100	70	0	37.381	56.409	13.538
523	40	0	70	0	77.779	-28.534	42.645
524	40	10	70	0	72.026	-19.565	37.514
525	40	20	70	0	66.623	-11.013	33.109
526	40	30	70	0	62.005	-3.3725	29.312
527	40	40	70	0	58.308	3.2436	26.418
528	40	55	70	0	52.693	13.526	22.468
529	40	70	70	0	46.545	25.075	18.025
530	40	85	70	0	39.506	39.218	12.825
531	40	100	70	0	33.953	50.647	8.4515
532	55	0	70	0	71.64	-37.792	33.499
533	55	10	70	0	66.194	-28.703	28.85
534	55	20	70	0	60.932	-20.013	24.814
535	55	30	70	0	56.63	-12.529	21.679
536	55	40	70	0	52.717	-5.5254	18.852
537	55	55	70	0	47.434	4.5523	15.065
538	55	70	70	0	41.534	16.115	10.873
539	55	85	70	0	34.739	30.415	5.7009
540	55	100	70	0	29.454	42.036	1.569
541	70	0	70	0	65.269	-47.548	24.294
542	70	10	70	0	60.065	-38.388	20.168
543	70	20	70	0	55.033	-29.719	16.466
544	70	30	70	0	50.818	-22.181	13.575
545	70	40	70	0	46.968	-15.173	10.972
546	70	55	70	0	41.735	-5.0535	7.4597
547	70	70	70	0	36.083	6.5187	3.6712
548	70	85	70	0	29.7	20.883	-1.2859
549	70	100	70	0	24.783	32.787	-5.2436
550	85	0	70	0	58.772	-57.72	15.315
551	85	10	70	0	53.655	-49.181	11.359
552	85	20	70	0	48.916	-41.216	8.0596
553	85	30	70	0	44.419	-33.594	5.022
554	85	40	70	0	40.596	-26.71	2.4378
555	85	55	70	0	35.63	-16.792	-1.0011
556	85	70	70	0	30.168	-5.4681	-4.6336
557	85	85	70	0	24.108	8.9523	-9.0283
558	85	100	70	0	19.388	21.248	-12.746
559	100	0	70	0	50.767	-69.741	4.801
560	100	10	70	0	46.081	-61.334	1.6229
561	100	20	70	0	41.555	-53.122	-1.2337
562	100	30	70	0	37.53	-45.563	-3.8968
563	100	40	70	0	34.293	-39.037	-5.9639
564	100	55	70	0	29.731	-29.267	-9.0035
565	100	70	70	0	24.844	-18.115	-12.253
566	100	85	70	0	19.031	-3.7419	-16.328
567	100	100	70	0	14.102	8.8656	-20.11
568	0	0	85	0	93.117	-4.695	86.643
569	0	10	85	0	89.01	4.7692	82.28
570	0	20	85	0	84.782	14.108	77.893
571	0	30	85	0	80.453	22.84	73.655
572	0	40	85	0	75.978	31.136	69.306
573	0	55	85	0	69.219	42.486	62.898
574	0	70	85	0	62.023	54.143	55.943
575	0	85	85	0	55.267	64.926	49.21
576	0	100	85	0	48.703	74.878	42.555
577	10	0	85	0	89.001	-10.988	79.647
578	10	10	85	0	84.01	-1.9178	74.184
579	10	20	85	0	79.225	7.0599	69.878
580	10	30	85	0	74.773	15.405	65.831
581	10	40	85	0	70.5	23.215	61.883
582	10	55	85	0	64.122	34.107	55.94
583	10	70	85	0	57.31	45.722	49.453
584	10	85	85	0	50.446	57.476	42.52
585	10	100	85	0	44.187	67.897	36.145
586	20	0	85	0	85.04	-17.148	72.868
587	20	10	85	0	79.505	-8.2827	67.375
588	20	20	85	0	74.211	0.1912	62.438
589	20	30	85	0	69.658	8.1497	58.57
590	20	40	85	0	65.467	15.616	54.892
591	20	55	85	0	59.333	26.193	49.284
592	20	70	85	0	52.844	37.758	43.157
593	20	85	85	0	45.979	50.34	36.215
594	20	100	85	0	40.033	61.157	30.116
595	30	0	85	0	81.099	-23.53	66.151
596	30	10	85	0	75.321	-14.705	60.971
597	30	20	85	0	69.835	-6.1574	56.208
598	30	30	85	0	65.269	1.3169	52.11
599	30	40	85	0	60.99	8.6615	48.576
600	30	55	85	0	55.181	18.988	43.316
601	30	70	85	0	48.854	30.49	37.434
602	30	85	85	0	42.011	43.704	30.515
603	30	100	85	0	36.324	54.773	24.588
604	40	0	85	0	77.091	-29.932	59.466
605	40	10	85	0	71.332	-21.092	54.753
606	40	20	85	0	65.731	-12.42	50.231
607	40	30	85	0	61.227	-4.9114	46.415
608	40	40	85	0	57.187	2.042	42.944
609	40	55	85	0	51.408	12.418	37.894
610	40	70	85	0	45.224	23.883	32.18
611	40	85	85	0	38.429	37.567	25.359
612	40	100	85	0	32.946	48.815	19.6
613	55	0	85	0	70.945	-39.848	49.841
614	55	10	85	0	65.393	-30.908	45.49
615	55	20	85	0	60.005	-22.204	41.3
616	55	30	85	0	55.513	-14.563	37.864
617	55	40	85	0	51.561	-7.5253	34.689
618	55	55	85	0	46.269	2.5561	30.078
619	55	70	85	0	40.276	14.114	24.75
620	55	85	85	0	33.554	28.26	18.211
621	55	100	85	0	28.322	39.764	12.755
622	70	0	85	0	64.567	-50.315	40.092
623	70	10	85	0	59.296	-41.398	36.121
624	70	20	85	0	54.133	-32.757	32.334
625	70	30	85	0	49.724	-25.088	29.072
626	70	40	85	0	45.834	-18.032	26.141
627	70	55	85	0	40.577	-7.8478	21.893
628	70	70	85	0	34.813	3.7423	17.008
629	70	85	85	0	28.509	18.104	10.933
630	70	100	85	0	23.541	29.958	5.8265
631	85	0	85	0	58.031	-61.222	30.385
632	85	10	85	0	52.908	-52.834	26.487
633	85	20	85	0	48.182	-45.013	22.915
634	85	30	85	0	43.556	-37.38	19.475
635	85	40	85	0	39.714	-30.569	16.615
636	85	55	85	0	34.521	-20.528	12.576
637	85	70	85	0	28.917	-8.9139	8.135
638	85	85	85	0	22.866	5.7374	2.7204
639	85	100	85	0	18.069	17.813	-1.969
640	100	0	85	0	50.045	-74.287	18.84
641	100	10	85	0	45.436	-66.136	15.51
642	100	20	85	0	40.886	-58.048	12.313
643	100	30	85	0	36.997	-50.814	9.4965
644	100	40	85	0	33.473	-44.045	6.9924
645	100	55	85	0	28.64	-34.122	3.4349
646	100	70	85	0	23.436	-22.75	-0.4231
647	100	85	85	0	17.373	-8.1785	-5.3045
648	100	100	85	0	12.01	4.3986	-9.7793
649	0	0	100	0	92.489	-4.886	103.29
650	0	10	100	0	88.38	4.7295	98.689
651	0	20	100	0	84.064	14.283	93.829
652	0	30	100	0	79.578	23.535	88.913
653	0	40	100	0	75.05	31.668	84.059
654	0	55	100	0	68.189	42.428	76.424
655	0	70	100	0	60.79	53.772	68.182
656	0	85	100	0	53.817	64.016	60.147
657	0	100	100	0	47.009	73.384	52.273
658	10	0	100	0	88.339	-11.161	95.918
659	10	10	100	0	83.151	-2.005	90.764
660	10	20	100	0	78.377	7.0976	85.959
661	10	30	100	0	73.808	15.794	81.279
662	10	40	100	0	69.44	23.614	76.774
663	10	55	100	0	63.114	34.064	69.764
664	10	70	100	0	56.069	45.435	61.888
665	10	85	100	0	49.209	56.656	53.762
666	10	100	100	0	42.823	66.553	46.064
667	20	0	100	0	84.369	-17.543	88.884
668	20	10	100	0	78.619	-8.6236	83.618
669	20	20	100	0	73.308	-0.0099	78.578
670	20	30	100	0	68.61	8.2802	74.067
671	20	40	100	0	64.293	15.833	69.82
672	20	55	100	0	58.433	26.121	63.331
673	20	70	100	0	51.774	37.476	55.874
674	20	85	100	0	44.897	49.434	47.569
675	20	100	100	0	38.96	59.876	40.246
676	30	0	100	0	80.451	-24.111	81.993
677	30	10	100	0	74.557	-15.279	76.923
678	30	20	100	0	69.014	-6.6527	72.028
679	30	30	100	0	64.187	1.205	67.615
680	30	40	100	0	59.927	8.5989	63.559
681	30	55	100	0	54.287	18.681	57.348
682	30	70	100	0	47.889	30.035	50.229
683	30	85	100	0	41.102	42.663	41.967
684	30	100	100	0	35.459	53.46	34.874
685	40	0	100	0	76.483	-30.774	75.273
686	40	10	100	0	70.629	-21.927	70.462
687	40	20	100	0	65.025	-13.225	65.799
688	40	30	100	0	60.088	-5.2091	61.592
689	40	40	100	0	56.012	1.8498	57.88
690	40	55	100	0	50.544	11.771	51.764
691	40	70	100	0	44.324	23.126	44.939
692	40	85	100	0	37.657	36.342	36.873
693	40	100	100	0	32.221	47.398	30.016
694	55	0	100	0	70.355	-41.253	65.149
695	55	10	100	0	64.785	-32.419	60.706
696	55	20	100	0	59.31	-23.693	56.346
697	55	30	100	0	54.794	-16.018	52.623
698	55	40	100	0	50.769	-8.8715	49.036
699	55	55	100	0	45.437	1.2474	43.778
700	55	70	100	0	39.444	12.752	37.369
701	55	85	100	0	32.789	26.577	29.625
702	55	100	100	0	27.58	38.04	23.241
703	70	0	100	0	63.969	-52.363	54.852
704	70	10	100	0	58.706	-43.594	50.758
705	70	20	100	0	53.524	-34.975	46.715
706	70	30	100	0	49.089	-27.277	43.216
707	70	40	100	0	45.128	-20.111	39.884
708	70	55	100	0	39.819	-9.8366	35.051
709	70	70	100	0	34.158	1.6599	29.388
710	70	85	100	0	27.761	15.945	22.17
711	70	100	100	0	22.708	27.829	16.272
712	85	0	100	0	57.445	-63.951	44.298
713	85	10	100	0	52.385	-55.645	40.347
714	85	20	100	0	47.702	-47.888	36.598
715	85	30	100	0	43.038	-40.203	32.837
716	85	40	100	0	39.138	-33.29	29.569
717	85	55	100	0	33.827	-23.174	24.939
718	85	70	100	0	28.171	-11.788	19.751
719	85	85	100	0	21.86	2.8385	13.554
720	85	100	100	0	16.689	15.202	8.4033
721	100	0	100	0	49.419	-77.897	31.71
722	100	10	100	0	44.878	-69.908	28.21
723	100	20	100	0	40.448	-62.039	24.745
724	100	30	100	0	36.553	-54.846	21.699
725	100	40	100	0	32.985	-48.081	18.843
726	100	55	100	0	27.983	-38.141	14.792
727	100	70	100	0	22.489	-26.863	10.348
728	100	85	100	0	15.78	-12.437	4.8818
729	100	100	100	0	9.95	0.3329	0.0133
730	0	0	0	20	82.322	0.7864	-2.4747
731	0	10	0	20	79.058	7.6674	-4.7022
732	0	20	0	20	75.469	15.022	-6.2998
733	0	40	0	20	68.198	28.319	-8.423
734	0	70	0	20	56.608	48.462	-9.6631
735	0	100	0	20	44.44	68.913	-9.749
736	10	0	0	20	79.19	-3.0999	-7.485
737	10	10	0	20	75.661	3.7635	-9.2644
738	10	20	0	20	72.027	10.902	-10.838
739	10	40	0	20	64.862	24.363	-12.818
740	10	70	0	20	53.586	44.225	-14.063
741	10	100	0	20	41.653	64.545	-14.266
742	20	0	0	20	76.114	-6.7361	-11.96
743	20	10	0	20	72.423	0.0767	-13.704
744	20	20	0	20	68.741	6.9689	-15.093
745	20	40	0	20	61.616	20.253	-16.978
746	20	70	0	20	50.674	40.087	-18.335
747	20	100	0	20	39.102	60.275	-18.871
748	40	0	0	20	69.729	-14.003	-20.643
749	40	10	0	20	65.962	-7.2174	-22.01
750	40	20	0	20	62.412	-0.7892	-23.137
751	40	40	0	20	55.35	12.393	-24.89
752	40	70	0	20	45.096	31.889	-26.285
753	40	100	0	20	34.404	51.62	-27.185
754	70	0	0	20	59.515	-24.981	-32.926
755	70	10	0	20	56.324	-18.837	-33.668
756	70	20	0	20	52.896	-12.321	-34.515
757	70	40	0	20	46.41	0.4505	-35.72
758	70	70	0	20	36.695	20.277	-36.919
759	70	100	0	20	27.737	39.479	-37.801
760	100	0	0	20	46.243	-37.341	-46.611
761	100	10	0	20	43.566	-31.517	-46.907
762	100	20	0	20	40.97	-25.701	-47.155
763	100	40	0	20	35.961	-13.835	-47.564
764	100	70	0	20	28.119	5.1002	-48.081
765	100	100	0	20	20.145	24.689	-48.843
766	0	0	10	20	82.103	-0.2141	6.1795
767	0	10	10	20	78.604	6.9333	4.016
768	0	20	10	20	75.004	14.159	1.9011
769	0	40	10	20	67.831	27.87	-0.6656
770	0	70	10	20	56.446	48.086	-3.0344
771	0	100	10	20	44.299	68.541	-4.0716
772	10	0	10	20	78.765	-4.5562	0.941
773	10	10	10	20	74.169	1.9496	-0.273
774	10	20	10	20	70.83	8.8866	-2.0499
775	10	40	10	20	64.439	21.681	-4.6338
776	10	70	10	20	53.478	42.022	-7.2786
777	10	100	10	20	41.106	63.538	-8.8349
778	20	0	10	20	75.568	-8.3599	-4.0675
779	20	10	10	20	70.942	-2.1381	-5.0354
780	20	20	10	20	67.245	4.6368	-6.6186
781	20	40	10	20	60.879	17.462	-9.1035
782	20	70	10	20	50.27	37.443	-11.8
783	20	100	10	20	38.303	58.91	-13.429
784	40	0	10	20	69.162	-16.104	-13.107
785	40	10	10	20	65.068	-9.3058	-13.257
786	40	20	10	20	61.484	-2.7531	-14.908
787	40	40	10	20	54.794	9.5095	-16.898
788	40	70	10	20	44.533	29.104	-19.6
789	40	100	10	20	33.446	50.038	-21.662
790	70	0	10	20	58.892	-27.786	-25.496
791	70	10	10	20	55.514	-21.148	-25.577
792	70	20	10	20	52.137	-14.805	-26.475
793	70	40	10	20	45.569	-2.4468	-27.942
794	70	70	10	20	36.379	16.371	-29.941
795	70	100	10	20	26.666	37.309	-32.125
796	100	0	10	20	45.824	-40.877	-39.734
797	100	10	10	20	42.868	-35.045	-39.639
798	100	20	10	20	40.038	-29.095	-39.903
799	100	40	10	20	34.872	-17.389	-40.6
800	100	70	10	20	27.154	1.0292	-42.013
801	100	100	10	20	19.041	21.627	-43.623
802	0	0	20	20	81.749	-1.0645	14.328
803	0	10	20	20	78.163	6.2938	12.14
804	0	20	20	20	74.572	13.561	9.9554
805	0	40	20	20	67.372	27.574	6.9908
806	0	70	20	20	56.182	47.906	3.7311
807	0	100	20	20	44.345	68.242	1.2749
808	10	0	20	20	78.394	-5.4597	9.0857
809	10	10	20	20	73.789	1.2275	7.7646
810	10	20	20	20	70.177	7.9199	5.9146
811	10	40	20	20	63.698	21.062	2.8116
812	10	70	20	20	53	41.288	-0.7947
813	10	100	20	20	40.77	62.813	-3.6238
814	20	0	20	20	75.038	-9.6961	3.9894
815	20	10	20	20	70.201	-3.2	2.8816
816	20	20	20	20	66.419	3.2034	1.3314
817	20	40	20	20	60.042	15.397	-1.4907
818	20	70	20	20	49.952	35.05	-5.0674
819	20	100	20	20	37.627	57.629	-8.1852
820	40	0	20	20	68.567	-17.936	-5.3661
821	40	10	20	20	64.366	-10.98	-5.8164
822	40	20	20	20	60.58	-4.5692	-6.7149
823	40	40	20	20	53.968	7.3196	-9.174
824	40	70	20	20	44.044	26.55	-12.897
825	40	100	20	20	32.726	48.567	-16.33
826	70	0	20	20	58.497	-30.142	-18.539
827	70	10	20	20	54.831	-23.439	-18.344
828	70	20	20	20	51.337	-16.715	-18.932
829	70	40	20	20	44.839	-4.8476	-20.528
830	70	70	20	20	35.52	13.961	-23.382
831	70	100	20	20	25.812	35.493	-27.026
832	100	0	20	20	45.761	-44.626	-32.625
833	100	10	20	20	42.443	-38.389	-32.654
834	100	20	20	20	39.191	-32.196	-32.861
835	100	40	20	20	33.922	-20.579	-33.935
836	100	70	20	20	26.226	-2.5611	-35.928
837	100	100	20	20	17.9	18.617	-38.394
838	0	0	40	20	80.919	-2.5926	31.332
839	0	10	40	20	77.258	4.8786	28.763
840	0	20	40	20	73.633	12.543	26.327
841	0	40	40	20	66.687	26.475	22.125
842	0	70	40	20	55.398	47.713	16.591
843	0	100	40	20	44.349	67.505	11.767
844	10	0	40	20	77.165	-7.5738	25.603
845	10	10	40	20	72.918	-0.369	22.451
846	10	20	40	20	69.218	6.6593	20.212
847	10	40	40	20	62.566	19.463	16.486
848	10	70	40	20	52.063	40.077	11.559
849	10	100	40	20	40.386	61.531	6.2233
850	20	0	40	20	74.032	-11.978	20.704
851	20	10	40	20	69.542	-4.8854	17.616
852	20	20	40	20	65.67	1.7102	15.321
853	20	40	40	20	58.944	13.662	11.711
854	20	70	40	20	48.464	34.091	6.73
855	20	100	40	20	37.251	56.321	1.7537
856	40	0	40	20	67.402	-21.4	10.605
857	40	10	40	20	62.964	-13.89	8.3708
858	40	20	40	20	59.12	-7.2263	6.6536
859	40	40	40	20	52.735	4.5057	3.4139
860	40	70	40	20	43.084	23.27	-1.2327
861	40	100	40	20	31.315	46.213	-6.7078
862	70	0	40	20	57.495	-35.015	-3.0474
863	70	10	40	20	53.422	-27.517	-4.5476
864	70	20	40	20	49.688	-20.482	-5.8078
865	70	40	40	20	43.645	-8.8034	-8.3207
866	70	70	40	20	34.443	9.4352	-12.32
867	70	100	40	20	24.009	32.145	-17.11
868	100	0	40	20	45.091	-51.187	-18.127
869	100	10	40	20	41.391	-44.291	-19.297
870	100	20	40	20	38.036	-37.759	-20.245
871	100	40	40	20	32.323	-26.331	-21.931
872	100	70	40	20	24.346	-8.2743	-25.154
873	100	100	40	20	15.594	13.671	-29.27
874	0	0	70	20	79.81	-4.1458	58.296
875	0	10	70	20	76.255	3.2242	55.069
876	0	20	70	20	72.526	11.429	51.677
877	0	40	70	20	65.279	25.642	45.49
878	0	70	70	20	54.426	45.654	36.658
879	0	100	70	20	43.042	65.432	27.171
880	10	0	70	20	76.142	-9.5575	52.3
881	10	10	70	20	71.93	-1.9968	47.246
882	10	20	70	20	68.143	5.6094	44.212
883	10	40	70	20	60.993	18.965	38.59
884	10	70	70	20	50.581	38.202	30.51
885	10	100	70	20	39.043	59.227	21.337
886	20	0	70	20	72.932	-14.806	46.77
887	20	10	70	20	68.303	-7.2341	41.72
888	20	20	70	20	64.132	-0.0361	37.597
889	20	40	70	20	57.137	12.697	32.51
890	20	70	70	20	47.067	31.404	24.996
891	20	100	70	20	35.496	53.377	16.085
892	40	0	70	20	66.176	-25.11	35.797
893	40	10	70	20	61.563	-17.401	31.54
894	40	20	70	20	57.357	-10.109	27.992
895	40	40	70	20	50.673	1.9831	22.526
896	40	70	70	20	41.097	20.234	15.796
897	40	100	70	20	29.607	43.043	7.181
898	70	0	70	20	56.16	-40.625	20.653
899	70	10	70	20	51.866	-32.653	17.196
900	70	20	70	20	47.871	-25.177	14.241
901	70	40	70	20	41.414	-12.882	9.7224
902	70	70	70	20	32.348	5.5205	3.8639
903	70	100	70	20	22.102	28.069	-3.9216
904	100	0	70	20	44.031	-59.227	3.4263
905	100	10	70	20	40.121	-51.894	0.7831
906	100	20	70	20	36.447	-44.79	-1.579
907	100	40	70	20	30.455	-32.914	-5.5154
908	100	70	70	20	22.705	-15.691	-10.501
909	100	100	70	20	12.86	7.4246	-16.775
910	0	0	100	20	78.527	-5.0954	88.171
911	0	10	100	20	74.751	2.8399	83.834
912	0	20	100	20	70.969	10.741	79.416
913	0	40	100	20	63.767	24.595	71.153
914	0	70	100	20	52.264	44.322	57.828
915	0	100	100	20	40.662	62.785	44.102
916	10	0	100	20	74.992	-10.676	81.895
917	10	10	100	20	70.744	-3.0249	77.176
918	10	20	100	20	66.776	4.591	72.897
919	10	40	100	20	59.548	17.976	65.08
920	10	70	100	20	48.642	37.186	52.85
921	10	100	100	20	37.034	56.602	39.079
922	20	0	100	20	71.612	-16.422	75.607
923	20	10	100	20	67.033	-8.819	71.012
924	20	20	100	20	62.84	-1.6364	66.781
925	20	40	100	20	55.827	11.164	59.392
926	20	70	100	20	45.198	30.131	47.794
927	20	100	100	20	33.575	50.341	34.089
928	40	0	100	20	64.893	-27.97	63.579
929	40	10	100	20	60.377	-20.359	59.648
930	40	20	100	20	56.141	-13.021	55.833
931	40	40	100	20	49.067	-0.6639	49.396
932	40	70	100	20	39.169	17.663	38.814
933	40	100	100	20	27.918	39.454	25.654
934	70	0	100	20	54.871	-45.418	46.97
935	70	10	100	20	50.674	-37.898	43.564
936	70	20	100	20	46.653	-30.654	40.284
937	70	40	100	20	39.791	-17.958	34.527
938	70	70	100	20	30.491	0.6131	25.765
939	70	100	100	20	20.035	23.005	14.688
940	100	0	100	20	42.927	-66.62	27.124
941	100	10	100	20	39.044	-59.533	24.039
942	100	20	100	20	35.374	-52.625	21.071
943	100	40	100	20	29.265	-40.993	16.306
944	100	70	100	20	20.404	-23.644	9.5222
945	100	100	100	20	9.3535	-0.4517	0.9571
946	0	0	0	40	68.425	0.6306	-1.9582
947	0	20	0	40	62.103	12.182	-4.7702
948	0	40	0	40	55.852	23.854	-6.6449
949	0	70	0	40	46.75	40.331	-8.0402
950	0	100	0	40	37.185	57.61	-8.8557
951	20	0	0	40	62.653	-5.81	-9.8567
952	20	20	0	40	56.181	5.6526	-12.166
953	20	40	0	40	50.159	16.87	-13.84
954	20	70	0	40	41.559	33.31	-15.1
955	20	100	0	40	32.52	50.181	-15.841
956	40	0	0	40	57.282	-12.107	-16.969
957	40	20	0	40	50.982	-0.7979	-18.93
958	40	40	0	40	45.029	10.287	-20.234
959	40	70	0	40	36.931	26.486	-21.419
960	40	100	0	40	28.702	43.043	-22.198
961	70	0	0	40	49.203	-21.398	-26.921
962	70	20	0	40	43.529	-10.537	-28.148
963	70	40	0	40	38.137	0.1148	-29.061
964	70	70	0	40	30.199	16.587	-29.993
965	70	100	0	40	23.186	32.652	-30.502
966	100	0	0	40	39.397	-32.062	-37.927
967	100	20	0	40	34.539	-21.746	-38.571
968	100	40	0	40	30.072	-11.441	-38.899
969	100	70	0	40	23.701	3.9407	-39.451
970	100	100	0	40	17.154	20.282	-39.689
971	0	0	20	40	67.545	-1.0719	12.035
972	0	20	20	40	61.108	11.254	8.601
973	0	40	20	40	55.127	22.906	6.0827
974	0	70	20	40	46.284	39.813	3.1125
975	0	100	20	40	36.983	57.071	0.8102
976	20	0	20	40	61.539	-8.3883	3.3797
977	20	20	20	40	54.193	2.465	1.2432
978	20	40	20	40	48.9	12.569	-0.9449
979	20	70	20	40	40.876	29.098	-4.0713
980	20	100	20	40	31.349	47.957	-6.7739
981	40	0	20	40	56.303	-15.206	-4.1346
982	40	20	20	40	49.572	-4.0749	-5.2143
983	40	40	20	40	43.993	6.1741	-7.2183
984	40	70	20	40	36.081	21.985	-10.233
985	40	100	20	40	27.355	40.383	-13.018
986	70	0	20	40	48.087	-25.156	-15.092
987	70	20	20	40	42.325	-13.978	-15.484
988	70	40	20	40	36.986	-3.7158	-17.134
989	70	70	20	40	29.369	11.742	-18.861
990	70	100	20	40	21.703	29.359	-21.572
991	100	0	20	40	38.592	-37.629	-26.328
992	100	20	20	40	33.013	-26.983	-26.711
993	100	40	20	40	28.494	-17.152	-27.563
994	100	70	20	40	22.181	-2.3329	-29.275
995	100	100	20	40	15.373	15.383	-31.108
996	0	0	40	40	66.771	-2.3535	26.677
997	0	20	40	40	60.771	9.2798	22.518
998	0	40	40	40	54.372	21.254	18.999
999	0	70	40	40	45.406	39.166	14.073
1000	0	100	40	40	36.531	55.921	10.015
1001	20	0	40	40	60.951	-9.9898	17.771
1002	20	20	40	40	54.006	0.9126	13.193
1003	20	40	40	40	48.367	11.361	10.398
1004	20	70	40	40	40.053	28.281	6.2208
1005	20	100	40	40	30.939	46.709	1.8932
1006	40	0	40	40	54.872	-17.7	9.3749
1007	40	20	40	40	48.706	-6.5866	6.0603
1008	40	40	40	40	43.016	3.7824	3.0703
1009	40	70	40	40	35.368	19.425	-0.6605
1010	40	100	40	40	26.293	38.248	-4.6135
1011	70	0	40	40	47.24	-29.162	-1.5748
1012	70	20	40	40	41.365	-17.535	-4.1804
1013	70	40	40	40	36.068	-6.9807	-6.5485
1014	70	70	40	40	28.741	7.8027	-9.5557
1015	70	100	40	40	20.413	26.488	-13.027
1016	100	0	40	40	37.752	-42.497	-14.188
1017	100	20	40	40	32.329	-31.74	-16.342
1018	100	40	40	40	27.539	-21.911	-17.535
1019	100	70	40	40	20.908	-6.9362	-20.297
1020	100	100	40	40	13.599	11.112	-22.983
1021	0	0	70	40	65.561	-3.9984	48.679
1022	0	20	70	40	59.336	8.9113	43.146
1023	0	40	70	40	53.247	21.115	37.741
1024	0	70	70	40	44.117	38.235	30.324
1025	0	100	70	40	35.821	54.341	22.827
1026	20	0	70	40	60.039	-12.411	39.543
1027	20	20	70	40	52.892	-0.5083	31.958
1028	20	40	70	40	47.171	10.609	27.581
1029	20	70	70	40	38.799	26.48	21.339
1030	20	100	70	40	30.061	44.689	14.291
1031	40	0	70	40	54.108	-21.338	29.989
1032	40	20	70	40	47.231	-8.8845	23.642
1033	40	40	70	40	41.656	1.2586	18.901
1034	40	70	70	40	33.66	17.137	13.474
1035	40	100	70	40	24.955	35.422	6.6509
1036	70	0	70	40	46.167	-33.986	17.491
1037	70	20	70	40	39.873	-21.346	12.421
1038	70	40	70	40	34.77	-11.263	8.717
1039	70	70	70	40	27.125	4.1305	3.7019
1040	70	100	70	40	18.893	22.949	-2.2749
1041	100	0	70	40	36.989	-49.142	3.1791
1042	100	20	70	40	30.932	-37.184	-0.9741
1043	100	40	70	40	25.932	-27.047	-4.3239
1044	100	70	70	40	19.287	-12.212	-8.2581
1045	100	100	70	40	11.421	5.9214	-12.642
1046	0	0	100	40	64.643	-5.2285	73.016
1047	0	20	100	40	58.429	7.8214	65.712
1048	0	40	100	40	52.418	19.912	58.452
1049	0	70	100	40	43.676	36.279	47.648
1050	0	100	100	40	34.531	52.222	36.164
1051	20	0	100	40	58.66	-14.901	62.332
1052	20	20	100	40	51.579	-2.6875	55.017
1053	20	40	100	40	45.726	8.4441	48.65
1054	20	70	100	40	37.637	24.17	39.177
1055	20	100	100	40	28.784	41.735	28.218
1056	40	0	100	40	53.305	-24.269	52.697
1057	40	20	100	40	46.317	-11.839	46.189
1058	40	40	100	40	40.698	-1.3674	40.555
1059	40	70	100	40	32.948	13.851	32.066
1060	40	100	100	40	23.71	32.225	21.397
1061	70	0	100	40	45.426	-38.381	38.618
1062	70	20	100	40	39.022	-26.206	33.267
1063	70	40	100	40	33.51	-15.628	28.582
1064	70	70	100	40	25.899	-0.3022	21.492
1065	70	100	100	40	17.124	18.39	12.628
1066	100	0	100	40	36.201	-55.281	22.218
1067	100	20	100	40	30.137	-43.818	17.448
1068	100	40	100	40	24.906	-33.812	13.441
1069	100	70	100	40	17.74	-19.507	8.2102
1070	100	100	100	40	8.5305	-0.7806	1.7566
1071	0	0	0	60	53.43	0.4156	-1.412
1072	0	20	0	60	48.518	10.217	-3.6065
1073	0	40	0	60	44.031	18.596	-4.6279
1074	0	70	0	60	36.994	32.172	-5.6687
1075	0	100	0	60	30.011	46.179	-6.136
1076	20	0	0	60	49.265	-5.0043	-7.809
1077	20	20	0	60	43.935	4.4148	-9.5897
1078	20	40	0	60	39.903	13.573	-9.964
1079	20	70	0	60	32.863	27.387	-11.246
1080	20	100	0	60	26.282	40.218	-11.862
1081	40	0	0	60	44.859	-9.8894	-13.333
1082	40	20	0	60	39.543	-0.3529	-15.045
1083	40	40	0	60	35.252	7.801	-15.639
1084	40	70	0	60	28.858	21.216	-16.367
1085	40	100	0	60	23.024	34.269	-16.674
1086	70	0	0	60	38.37	-17.029	-20.863
1087	70	20	0	60	33.953	-8.1648	-21.925
1088	70	40	0	60	30.061	-0.4385	-22.28
1089	70	70	0	60	23.519	13.104	-22.698
1090	70	100	0	60	18.556	25.635	-22.725
1091	100	0	0	60	31.703	-25.713	-29.382
1092	100	20	0	60	27.498	-17.032	-30.281
1093	100	40	0	60	24.291	-9.4209	-30.332
1094	100	70	0	60	19.275	3.0837	-30.546
1095	100	100	0	60	14.405	16.112	-30.529
1096	0	0	20	60	53.456	-1.0252	10.084
1097	0	20	20	60	48.071	8.9267	7.5227
1098	0	40	20	60	43.365	18.174	4.1879
1099	0	70	20	60	36.173	32.357	2.4804
1100	0	100	20	60	29.842	45.882	1.2634
1101	20	0	20	60	48.771	-6.9794	3.0914
1102	20	20	20	60	41.755	1.9517	1.245
1103	20	40	20	60	38.263	10.313	-0.3092
1104	20	70	20	60	32.493	23.605	-2.6914
1105	20	100	20	60	25.696	38.931	-4.5399
1106	40	0	20	60	44.314	-12.247	-3.7385
1107	40	20	20	60	38.652	-3.7462	-4.0612
1108	40	40	20	60	33.877	4.7173	-5.6077
1109	40	70	20	60	28.214	17.394	-7.9583
1110	40	100	20	60	21.831	32.053	-10.036
1111	70	0	20	60	37.674	-20.137	-11.568
1112	70	20	20	60	33.208	-10.94	-12.31
1113	70	40	20	60	29.311	-3.3124	-13.523
1114	70	70	20	60	23.331	9.0474	-14.643
1115	70	100	20	60	17.406	23	-15.802
1116	100	0	20	60	31.174	-30.336	-20.305
1117	100	20	20	60	26.869	-21.796	-20.879
1118	100	40	20	60	23.09	-13.471	-22.165
1119	100	70	20	60	18.175	-1.605	-22.907
1120	100	100	20	60	12.748	12.178	-23.416
1121	0	0	40	60	52.194	-2.1259	20.871
1122	0	20	40	60	47.41	7.3624	17.634
1123	0	40	40	60	42.51	16.77	15.014
1124	0	70	40	60	35.301	31.093	11.014
1125	0	100	40	60	29.145	44.401	8.0061
1126	20	0	40	60	47.431	-8.4099	13.743
1127	20	20	40	60	41.972	1.0837	10.478
1128	20	40	40	60	37.356	8.3987	8.3176
1129	20	70	40	60	30.969	22.181	4.9937
1130	20	100	40	60	24.533	36.632	1.8359
1131	40	0	40	60	42.973	-14.438	7.3113
1132	40	20	40	60	37.48	-5.1297	4.8641
1133	40	40	40	60	33.174	2.415	2.8066
1134	40	70	40	60	27.573	14.948	-0.1015
1135	40	100	40	60	20.892	30.002	-3.0725
1136	70	0	40	60	37.049	-23.282	-1.576
1137	70	20	40	60	32.12	-13.412	-3.4519
1138	70	40	40	60	28.35	-6.0179	-4.8415
1139	70	70	40	60	22.551	5.9161	-6.9967
1140	70	100	40	60	16.424	20.733	-9.5188
1141	100	0	40	60	30.233	-33.627	-11.375
1142	100	20	40	60	25.672	-24.534	-12.988
1143	100	40	40	60	22.301	-17.484	-13.672
1144	100	70	40	60	16.827	-5.1878	-15.468
1145	100	100	40	60	11.412	8.7316	-17.104
1146	0	0	70	60	51.09	-3.7396	37.818
1147	0	20	70	60	46.198	6.8673	33.56
1148	0	40	70	60	41.718	15.727	29.499
1149	0	70	70	60	34.407	30.189	23.513
1150	0	100	70	60	28.525	42.807	17.994
1151	20	0	70	60	47.328	-10.113	31.379
1152	20	20	70	60	41.473	-0.5397	25.166
1153	20	40	70	60	37.154	7.8409	21.905
1154	20	70	70	60	30.923	20.705	17.266
1155	20	100	70	60	24.439	35.614	11.901
1156	40	0	70	60	42.073	-17.26	23.164
1157	40	20	70	60	36.562	-7.0746	18.168
1158	40	40	70	60	32.461	0.1429	14.84
1159	40	70	70	60	25.952	13.232	10.412
1160	40	100	70	60	19.924	27.478	5.7668
1161	70	0	70	60	36.032	-26.914	13.379
1162	70	20	70	60	31.057	-16.758	9.442
1163	70	40	70	60	27.459	-9.5852	7.0051
1164	70	70	70	60	21.093	3.0472	3.0595
1165	70	100	70	60	15.165	17.639	-1.0396
1166	100	0	70	60	29.548	-38.562	2.2527
1167	100	20	70	60	24.752	-28.968	-0.98
1168	100	40	70	60	21.17	-21.708	-3.057
1169	100	70	70	60	15.589	-9.3256	-6.027
1170	100	100	70	60	9.7043	4.4799	-8.7587
1171	0	0	100	60	51.003	-5.1323	57.958
1172	0	20	100	60	45.717	5.9325	51.537
1173	0	40	100	60	41.499	14.889	45.87
1174	0	70	100	60	35.05	28.542	37.323
1175	0	100	100	60	28.663	41.832	28.452
1176	20	0	100	60	46.389	-12.981	49.679
1177	20	20	100	60	41.186	-3.4698	44.031
1178	20	40	100	60	36.691	6.4107	38.923
1179	20	70	100	60	30.48	19.302	31.182
1180	20	100	100	60	23.661	33.069	22.223
1181	40	0	100	60	41.94	-19.875	41.285
1182	40	20	100	60	36.031	-9.4585	35.782
1183	40	40	100	60	32.065	-1.9636	31.653
1184	40	70	100	60	26.165	10.484	25.088
1185	40	100	100	60	19.146	24.778	16.744
1186	70	0	100	60	35.699	-30.416	29.6
1187	70	20	100	60	30.715	-20.596	25.563
1188	70	40	100	60	26.897	-13.172	22.446
1189	70	70	100	60	20.523	-0.521	16.615
1190	70	100	100	60	14.021	13.945	10.204
1191	100	0	100	60	29.696	-43.901	17.253
1192	100	20	100	60	24.266	-34.06	13.34
1193	100	40	100	60	20.582	-27.024	10.89
1194	100	70	100	60	14.888	-15.293	6.8878
1195	100	100	100	60	7.629	-0.8917	2.2916
1196	0	0	0	80	35.633	0.2208	-0.7558
1197	0	40	0	80	29.028	12.034	-2.1533
1198	0	70	0	80	23.651	23.366	-2.8517
1199	0	100	0	80	20.459	30.853	-2.4781
1200	40	0	0	80	29.175	-6.748	-9.0077
1201	40	40	0	80	23.465	4.8199	-9.7355
1202	40	70	0	80	18.562	15.748	-10.075
1203	40	100	0	80	16.082	23.007	-9.3256
1204	70	0	0	80	24.707	-13.131	-15.508
1205	70	40	0	80	20.037	-1.2251	-15.255
1206	70	70	0	80	15.684	8.9782	-15.287
1207	70	100	0	80	12.904	16.227	-14.875
1208	100	0	0	80	21.331	-17.44	-20.143
1209	100	40	0	80	17.078	-6.7022	-19.703
1210	100	70	0	80	13.078	3.7085	-19.698
1211	100	100	0	80	10.677	11.063	-18.572
1212	0	0	40	80	33.95	-1.8407	13.167
1213	0	40	40	80	28.202	10.873	10.033
1214	0	70	40	80	22.937	22.259	7.3378
1215	0	100	40	80	20.153	29.633	5.9255
1216	40	0	40	80	28.201	-10.131	4.1521
1217	40	40	40	80	22.718	1.0232	2.7474
1218	40	70	40	80	17.725	12.284	0.2177
1219	40	100	40	80	14.73	20.347	-1.3231
1220	70	0	40	80	24.21	-17.111	-2.9089
1221	70	40	40	80	19.482	-5.6139	-3.5788
1222	70	70	40	80	14.531	4.6824	-5.1934
1223	70	100	40	80	11.562	13.052	-6.3784
1224	100	0	40	80	20.828	-22.615	-8.3648
1225	100	40	40	80	16.044	-12.381	-9.1482
1226	100	70	40	80	11.757	-2.3893	-10.244
1227	100	100	40	80	8.8176	6.1286	-10.479
1228	0	0	70	80	33.987	-3.4252	27.265
1229	0	40	70	80	27.918	9.7999	21.671
1230	0	70	70	80	23.209	20.912	16.301
1231	0	100	70	80	19.878	29.229	14.006
1232	40	0	70	80	28.278	-12.074	18.154
1233	40	40	70	80	22.538	-0.446	12.213
1234	40	70	70	80	17.831	9.4591	8.3726
1235	40	100	70	80	14.539	19.305	6.6097
1236	70	0	70	80	24.371	-20.798	9.1699
1237	70	40	70	80	19.078	-7.9437	5.3258
1238	70	70	70	80	14.965	1.7701	2.8261
1239	70	100	70	80	10.729	11.581	0.4294
1240	100	0	70	80	20.628	-27.129	2.6657
1241	100	40	70	80	15.425	-15.753	-0.6365
1242	100	70	70	80	11.441	-7.086	-3.2163
1243	100	100	70	80	7.4342	3.2874	-4.4104
1244	0	0	100	80	33.18	-4.3062	36.123
1245	0	40	100	80	27.854	8.6646	29.428
1246	0	70	100	80	22.78	20.333	22.753
1247	0	100	100	80	19.777	27.572	18.375
1248	40	0	100	80	27.805	-13.678	25.73
1249	40	40	100	80	22.286	-2.5059	20.938
1250	40	70	100	80	17.261	8.3155	15.56
1251	40	100	100	80	14.057	16.846	11.481
1252	70	0	100	80	23.695	-23.039	17.028
1253	70	40	100	80	18.683	-10.81	14.058
1254	70	70	100	80	14.352	-1.1252	10.828
1255	70	100	100	80	10.138	7.9371	6.7634
1256	100	0	100	80	20.776	-29.087	10.708
1257	100	40	100	80	15.499	-18.82	7.546
1258	100	70	100	80	10.649	-9.0827	4.5257
1259	100	100	100	80	6.3624	-0.5706	2.3573
1260	0	0	0	100	13.98	0.0099	-0.0148
1261	0	40	0	100	12.367	5.6538	0.0593
1262	0	100	0	100	10.43	13.992	1.2961
1263	40	0	0	100	12.558	-3.1914	-4.3927
1264	40	40	0	100	10.387	2.4965	-3.6824
1265	40	100	0	100	8.9227	11.009	-1.8565
1266	100	0	0	100	10.419	-8.1997	-10.158
1267	100	40	0	100	9.1181	-2.9464	-8.5053
1268	100	100	0	100	6.8499	5.7524	-6.0071
1269	0	0	40	100	13.991	-1.3024	4.7461
1270	0	40	40	100	12.161	4.7026	4.2664
1271	0	100	40	100	10.459	13.103	3.8063
1272	40	0	40	100	12.138	-4.8595	1.1619
1273	40	40	40	100	9.6421	0.2847	0.819
1274	40	100	40	100	8.3632	9.5362	1.1271
1275	100	0	40	100	10.782	-10.277	-4.6783
1276	100	40	40	100	8.8295	-5.5502	-4.1925
1277	100	100	40	100	5.9362	3.3958	-2.817
1278	0	0	100	100	13.73	-3.0069	11.644
1279	0	40	100	100	12.403	3.1313	10.465
1280	0	100	100	100	10.31	11.592	7.3964
1281	40	0	100	100	12.699	-6.6094	8.8837
1282	40	40	100	100	10.449	-1.1869	7.8649
1283	40	100	100	100	8.1234	7.6882	5.2592
1284	100	0	100	100	11.26	-12.86	3.5547
1285	100	40	100	100	9.1018	-8.4039	3.1324
1286	100	100	100	100	4.73	-0.018	2.0783
1287	100	0	0	0	51.04	-39.797	-55.45
1288	98	0	0	0	52.915	-39.289	-54.09
1289	95	0	0	0	55.384	-38.593	-52.289
1290	90	0	0	0	58.923	-37.109	-49.517
1291	85	0	0	0	62.092	-35.257	-46.823
1292	80	0	0	0	64.669	-33.142	-44.37
1293	75	0	0	0	67.125	-30.805	-41.872
1294	70	0	0	0	69.49	-28.401	-39.333
1295	60	0	0	0	73.931	-24.034	-34.339
1296	50	0	0	0	78.154	-19.74	-29.316
1297	40	0	0	0	82.201	-15.547	-24.368
1298	30	0	0	0	85.857	-11.361	-19.311
1299	25	0	0	0	87.658	-9.3135	-16.756
1300	20	0	0	0	89.445	-7.2737	-14.163
1301	15	0	0	0	91.2	-5.2532	-11.512
1302	10	0	0	0	92.999	-3.1642	-8.7275
1303	7	0	0	0	94.048	-1.9444	-7.0844
1304	5	0	0	0	94.739	-1.1211	-5.9645
1305	3	0	0	0	95.439	-0.2827	-4.8142
1306	2	0	0	0	95.795	0.1442	-4.2295
1307	0	100	0	0	51.99	80.324	-7.434
1308	0	98	0	0	52.781	79.072	-7.9191
1309	0	95	0	0	54.127	76.939	-8.749
1310	0	90	0	0	56.656	72.908	-10.067
1311	0	85	0	0	58.9	69.278	-10.948
1312	0	80	0	0	61.369	65.234	-11.731
1313	0	75	0	0	64.023	60.84	-12.42
1314	0	70	0	0	66.483	56.709	-12.532
1315	0	60	0	0	71.345	48.512	-12.433
1316	0	50	0	0	76.113	40.563	-11.952
1317	0	40	0	0	80.577	33.11	-11.425
1318	0	30	0	0	84.864	25.236	-10.279
1319	0	25	0	0	86.924	21.139	-9.3764
1320	0	20	0	0	88.927	17.054	-8.2995
1321	0	15	0	0	90.863	13.039	-7.1557
1322	0	10	0	0	92.836	8.8888	-5.848
1323	0	7	0	0	93.931	6.5611	-5.0725
1324	0	5	0	0	94.664	4.9943	-4.5096
1325	0	3	0	0	95.407	3.4086	-3.9201
1326	0	2	0	0	95.781	2.6064	-3.6235
1327	0	0	100	0	92.489	-4.886	103.29
1328	0	0	98	0	92.549	-4.8779	101.75
1329	0	0	95	0	92.692	-4.8577	98.063
1330	0	0	90	0	92.904	-4.7915	92.43
1331	0	0	85	0	93.117	-4.695	86.643
1332	0	0	80	0	93.318	-4.5759	81.148
1333	0	0	75	0	93.536	-4.4227	75.219
1334	0	0	70	0	93.764	-4.2239	69.171
1335	0	0	60	0	94.19	-3.891	57.583
1336	0	0	50	0	94.597	-3.4335	46.708
1337	0	0	40	0	95.022	-2.8282	36.472
1338	0	0	30	0	95.432	-2.0907	26.552
1339	0	0	25	0	95.645	-1.6727	21.739
1340	0	0	20	0	95.857	-1.198	16.891
1341	0	0	15	0	96.049	-0.697	12.083
1342	0	0	10	0	96.224	-0.1508	7.083
1343	0	0	7	0	96.329	0.2057	3.9022
1344	0	0	5	0	96.384	0.4256	2.0032
1345	0	0	3	0	96.439	0.6568	0.0351
1346	0	0	2	0	96.467	0.7743	-0.9662
1347	0	0	0	100	13.98	0.0099	-0.0148
1348	0	0	0	98	16.062	0.0212	-0.0825
1349	0	0	0	95	19.339	0.0432	-0.1862
1350	0	0	0	90	24.956	0.1054	-0.3836
1351	0	0	0	85	30.412	0.1622	-0.5691
1352	0	0	0	80	35.633	0.2208	-0.7558
1353	0	0	0	75	40.446	0.268	-0.9278
1354	0	0	0	70	45.027	0.317	-1.1011
1355	0	0	0	60	53.43	0.4156	-1.412
1356	0	0	0	50	61.179	0.497	-1.6976
1357	0	0	0	40	68.425	0.6306	-1.9582
1358	0	0	0	30	75.423	0.7052	-2.2159
1359	0	0	0	25	78.821	0.7435	-2.342
1360	0	0	0	20	82.322	0.7864	-2.4747
1361	0	0	0	15	85.786	0.8404	-2.6026
1362	0	0	0	10	89.304	0.8912	-2.7435
1363	0	0	0	7	91.428	0.9217	-2.8276
1364	0	0	0	5	92.867	0.9498	-2.8855
1365	0	0	0	3	94.32	0.9743	-2.9439
1366	0	0	0	2	95.052	0.9885	-2.9751
1367	0	0	0	0	96.524	1.0169	-3.034
1368	100	85	85	0	17.373	-8.1785	-5.3045
1369	80	65	65	0	34.662	-4.2172	-4.176
1370	60	45	45	0	51.188	-1.806	-3.7897
1371	40	27	27	0	66.882	-1.1422	-4.6767
1372	20	12	12	0	82.028	-0.9826	-4.9471
1373	10	6	6	0	89.245	-0.0398	-4.145
1374	5	3	3	0	92.888	0.4886	-3.5838
1375	40	27	27	10	62.445	-1.1709	-3.6179
1376	20	12	12	10	75.925	-1.0869	-4.3762
1377	10	6	6	10	82.58	-0.2438	-3.7429
1378	60	45	45	20	45.035	-1.9713	-1.8182
1379	40	27	27	20	57.538	-1.1888	-2.9029
1380	20	12	12	20	69.924	-1.0958	-3.5588
1381	10	6	6	20	75.945	-0.3681	-3.1807
1382	80	65	65	40	26.177	-3.9345	-2.4061
1383	60	45	45	40	36.96	-1.5298	-1.4855
1384	40	27	27	40	47.083	-1.1698	-1.9501
1385	20	12	12	40	57.153	-1.1128	-2.9078
1386	10	6	6	40	62.226	-0.4089	-2.5424
1387	100	85	85	60	11.72	-5.0335	-1.5141
1388	80	65	65	60	20.532	-3.195	-1.7057
1389	60	45	45	60	28.729	-1.7328	-0.907
1390	40	27	27	60	36.534	-1.3786	-1.4088
1391	20	12	12	60	44.24	-1.0934	-2.0153
1392	10	6	6	60	48.312	-0.4703	-1.8299
1393	100	85	85	80	9.1329	-3.3434	-0.1985
1394	80	65	65	80	14.454	-2.2892	-0.7023
1395	60	45	45	80	19.431	-2.4599	-0.7445
1396	40	27	27	80	24.506	-1.6878	-0.6935
1397	20	12	12	80	28.668	-1.3703	-0.5565
1398	10	6	6	80	31.319	-0.8546	-0.8427
1399	100	85	85	100	6.205	-1.5577	0.9116
1400	80	65	65	100	7.2886	-1.1816	0.0858
1401	60	45	45	100	8.8206	-1.2168	-0.2246
1402	40	27	27	100	10.363	-0.9305	-0.4617
1403	20	12	12	100	11.982	-0.5641	-0.4785
1404	10	6	6	100	12.909	-0.2834	-0.3233
1405	100	0	0	70	26.808	-22.065	-25.037
1406	0	100	0	70	25.49	39.337	-4.3427
1407	0	0	100	70	42.942	-4.9253	48.353
1408	100	100	0	70	12.601	13.675	-24.872
1409	100	0	100	70	25.516	-37.154	14.261
1410	0	100	100	70	24.527	35.584	23.94
1411	40	40	0	70	29.477	5.9559	-12.516
1412	40	0	40	70	35.998	-12.262	5.0881
1413	0	40	40	70	35.467	14.263	11.861
1414	3	3	0	0	94.276	2.12	-5.676
1415	3	0	3	0	95.324	-0.6884	-1.8133
1416	0	3	3	0	95.281	3.1276	-0.8307
1417	3	3	3	0	93.762	1.5177	-2.1392
1418	3	0	0	3	93.271	-0.2985	-4.6867
1419	0	3	0	3	93.266	3.2418	-3.7474
1420	3	3	0	3	92.168	1.9723	-5.4658
1421	0	0	3	3	94.255	0.6295	-0.0939
1422	3	0	3	3	93.167	-0.7003	-1.8931
1423	0	3	3	3	93.147	2.9835	-0.8882
1424	3	3	3	3	91.698	1.3969	-2.1372
1425	7	7	0	0	91.228	3.6432	-8.998
1426	7	0	7	0	93.714	-2.9951	-0.4741
1427	0	7	7	0	93.642	5.9382	1.9084
1428	7	7	7	0	89.95	2.1036	-1.4077
1429	7	0	0	7	89.14	-1.8904	-6.6799
1430	0	7	0	7	88.993	6.1458	-4.6557
1431	7	7	0	7	86.456	3.3429	-8.3671
1432	0	0	7	7	91.279	0.145	3.5975
1433	7	0	7	7	88.804	-2.9638	-0.5104
1434	0	7	7	7	88.713	5.5797	1.796
1435	7	7	7	7	85.272	1.876	-1.3045
1436	40	3	0	0	80.917	-13.331	-24.97
1437	3	40	0	0	79.32	31.752	-12.993
1438	40	0	3	0	81.983	-16.37	-21.752
1439	40	3	3	0	80.576	-14.056	-22.105
1440	0	40	3	0	80.469	33.014	-8.6274
1441	3	40	3	0	79.384	31.019	-10.086
1442	40	40	3	0	64.882	14.208	-27.7
1443	3	0	40	0	93.746	-4.5872	34.429
1444	0	3	40	0	93.796	-0.1954	35.432
1445	3	3	40	0	92.376	-1.9822	33.209
1446	40	3	40	0	77.692	-21.957	10.623
1447	3	40	40	0	77.227	29.127	22.676
1448	40	0	0	3	80.321	-15.371	-23.777
1449	40	3	0	3	79.069	-13.181	-24.299
1450	0	40	0	3	78.715	32.212	-10.853
1451	3	40	0	3	77.491	30.885	-12.4
1452	40	40	0	3	63.762	14.784	-29.491
1453	40	0	3	3	80.1	-16.111	-21.272
1454	40	3	3	3	78.759	-13.861	-21.546
1455	0	40	3	3	78.607	32.105	-8.2053
1456	3	40	3	3	77.546	30.159	-9.6219
1457	40	40	3	3	63.508	13.707	-26.862
1458	0	0	40	3	92.914	-2.7754	35.72
1459	3	0	40	3	91.647	-4.5078	33.715
1460	40	0	40	3	77.661	-24.125	11.402
1461	0	3	40	3	91.714	-0.2785	34.783
1462	3	3	40	3	90.334	-2.0233	32.608
1463	40	3	40	3	76.052	-21.567	10.575
1464	0	40	40	3	76.967	30.816	24.336
1465	3	40	40	3	75.467	28.362	22.409
1466	40	40	40	3	59.584	5.7136	2.7961
1467	3	0	0	40	67.511	-0.3989	-3.2408
1468	0	3	0	40	67.436	2.3313	-2.4145
1469	3	3	0	40	66.511	1.2903	-3.6853
1470	40	3	0	40	56.355	-10.447	-17.285
1471	3	40	0	40	54.94	22.764	-7.801
1472	0	0	3	40	68.299	0.3533	0.1076
1473	3	0	3	40	67.366	-0.7066	-1.2128
1474	40	0	3	40	57.162	-12.585	-15.11
1475	0	3	3	40	67.294	2.1106	-0.379
1476	3	3	3	40	65.926	0.8312	-1.3043
1477	40	3	3	40	56.191	-10.91	-15.299
1478	0	40	3	40	55.751	23.759	-4.8328
1479	3	40	3	40	54.931	22.231	-5.8955
1480	40	40	3	40	44.897	9.6205	-18.398
1481	3	0	40	40	65.848	-3.5609	25.237
1482	0	3	40	40	65.908	-0.6706	26.041
1483	3	3	40	40	64.906	-1.8862	24.492
1484	40	3	40	40	53.948	-16.041	8.8822
1485	3	40	40	40	53.481	19.676	17.697
1486	0	0	0	10	89.304	0.8912	-2.7435
1487	0	0	10	10	89.078	-0.1889	6.4132
1488	0	0	20	10	88.721	-1.1717	15.665
1489	0	0	40	10	88.038	-2.6719	33.966
1490	0	0	70	10	86.699	-4.1176	63.615
1491	0	10	0	10	85.901	8.1415	-5.178
1492	0	10	10	10	85.43	7.4413	3.9776
1493	0	10	20	10	84.944	6.7523	13.019
1494	0	10	40	10	84.192	5.2892	31.106
1495	0	10	70	10	82.885	4.1351	59.973
1496	0	20	0	10	82.184	15.752	-7.1402
1497	0	20	10	10	81.678	15.165	1.817
1498	0	20	20	10	81.135	14.71	10.572
1499	0	20	40	10	80.272	13.677	28.26
1500	0	20	70	10	78.95	12.897	56.307
1501	0	40	0	10	74.341	30.414	-9.6352
1502	0	40	10	10	73.974	30.051	-1.1878
1503	0	40	20	10	73.518	29.793	7.1394
1504	0	40	40	10	72.739	29.105	23.568
1505	0	40	70	10	71.121	28.263	49.691
1506	0	70	0	10	61.602	52.308	-10.982
1507	0	70	10	10	61.441	52.068	-3.5678
1508	0	70	20	10	61.232	51.983	3.8863
1509	0	70	40	10	60.649	51.535	17.733
1510	0	70	70	10	59.008	49.921	39.947
1511	10	0	0	10	86.06	-3.0983	-8.0881
1512	10	0	10	10	85.577	-4.661	0.7535
1513	10	0	20	10	85.096	-5.9022	9.8135
1514	10	0	40	10	84.149	-7.957	27.899
1515	10	0	70	10	82.821	-9.9397	57.096
1516	10	10	0	10	82.3	4.1488	-10.203
1517	10	10	10	10	80.606	2.1704	-0.6191
1518	10	10	20	10	80.078	1.2844	8.101
1519	10	10	40	10	79.433	-0.2685	24.215
1520	10	10	70	10	78.219	-1.6827	51.554
1521	10	20	0	10	78.437	11.664	-12.046
1522	10	20	10	10	77.023	9.4153	-2.5695
1523	10	20	20	10	76.222	8.5533	6.0353
1524	10	20	40	10	75.296	7.5123	21.521
1525	10	20	70	10	73.987	6.5133	48.168
1526	10	40	0	10	70.694	26.307	-14.379
1527	10	40	10	10	70.111	23.454	-5.6071
1528	10	40	20	10	69.252	22.738	2.4855
1529	10	40	40	10	68.055	21.525	17.422
1530	10	40	70	10	66.295	21.051	42.185
1531	10	70	0	10	58.238	47.864	-15.722
1532	10	70	10	10	58.094	45.396	-8.3499
1533	10	70	20	10	57.526	44.718	-1.1391
1534	10	70	40	10	56.604	43.579	12.077
1535	10	70	70	10	54.678	41.923	33.224
1536	20	0	0	10	82.67	-7.0967	-13.191
1537	20	0	10	10	82.106	-8.9325	-4.654
1538	20	0	20	10	81.524	-10.61	4.0982
1539	20	0	40	10	80.503	-13.111	21.974
1540	20	0	70	10	79.199	-15.718	50.891
1541	20	10	0	10	78.781	0.1304	-15.153
1542	20	10	10	10	77.053	-2.1925	-5.8901
1543	20	10	20	10	76.141	-3.5208	2.6563
1544	20	10	40	10	75.373	-5.4227	18.383
1545	20	10	70	10	74.089	-7.4768	45.398
1546	20	20	0	10	74.764	7.6588	-16.903
1547	20	20	10	10	73.087	4.9355	-7.6348
1548	20	20	20	10	71.989	3.4239	0.9359
1549	20	20	40	10	70.817	1.8663	15.535
1550	20	20	70	10	69.406	0.265	40.77
1551	20	40	0	10	67.097	22.106	-18.981
1552	20	40	10	10	66.147	18.864	-10.465
1553	20	40	20	10	65.167	16.586	-2.177
1554	20	40	40	10	63.644	14.904	11.787
1555	20	40	70	10	61.751	14.202	35.284
1556	20	70	0	10	54.927	43.579	-20.409
1557	20	70	10	10	54.412	40.552	-13.276
1558	20	70	20	10	53.922	38.013	-5.9181
1559	20	70	40	10	52.523	36.745	6.6896
1560	20	70	70	10	50.62	34.496	26.978
1561	40	0	0	10	75.98	-14.903	-22.453
1562	40	0	10	10	75.294	-17.187	-14.368
1563	40	0	20	10	74.631	-19.462	-6.0242
1564	40	0	40	10	73.552	-23.016	11.152
1565	40	0	70	10	72.069	-26.831	39.215
1566	40	10	0	10	72.007	-7.8361	-23.998
1567	40	10	10	10	70.868	-9.9418	-14.809
1568	40	10	20	10	69.899	-11.883	-6.6901
1569	40	10	40	10	68.573	-14.887	8.6528
1570	40	10	70	10	66.925	-18.442	34.539
1571	40	20	0	10	68.044	-0.6248	-25.42
1572	40	20	10	10	66.839	-2.8635	-16.375
1573	40	20	20	10	65.82	-4.9606	-7.665
1574	40	20	40	10	64.06	-7.3859	6.5855
1575	40	20	70	10	62.135	-10.433	30.528
1576	40	40	0	10	60.365	13.679	-27.329
1577	40	40	10	10	59.455	10.433	-18.614
1578	40	40	20	10	58.433	8.0483	-10.387
1579	40	40	40	10	56.844	5.2842	3.2341
1580	40	40	70	10	54.777	2.6632	24.527
1581	40	70	0	10	48.87	34.983	-28.975
1582	40	70	10	10	48.194	31.789	-21.673
1583	40	70	20	10	47.464	28.998	-14.339
1584	40	70	40	10	46.419	25.38	-1.8555
1585	40	70	70	10	44.185	22.425	17.031
1586	70	0	0	10	64.449	-26.741	-36.042
1587	70	0	10	10	63.857	-29.908	-28.095
1588	70	0	20	10	63.382	-32.821	-20.349
1589	70	0	40	10	62.397	-37.981	-4.0038
1590	70	0	70	10	60.853	-44.028	22.547
1591	70	10	0	10	61.047	-20.247	-36.916
1592	70	10	10	10	60.142	-22.808	-28.194
1593	70	10	20	10	59.267	-25.452	-20.377
1594	70	10	40	10	57.795	-29.811	-5.5664
1595	70	10	70	10	56.111	-35.398	18.764
1596	70	20	0	10	57.298	-13.242	-37.904
1597	70	20	10	10	56.305	-15.898	-29.148
1598	70	20	20	10	55.304	-18.135	-20.86
1599	70	20	40	10	53.494	-22.096	-6.9148
1600	70	20	70	10	51.579	-27.224	15.398
1601	70	40	0	10	50.387	0.4903	-39.182
1602	70	40	10	10	49.349	-2.6698	-30.801
1603	70	40	20	10	48.291	-5.4065	-22.718
1604	70	40	40	10	46.836	-9.3382	-9.4111
1605	70	40	70	10	44.561	-13.913	10.45
1606	70	70	0	10	39.904	21.8	-40.517
1607	70	70	10	10	39.29	17.808	-33.071
1608	70	70	20	10	38.282	14.871	-25.902
1609	70	70	40	10	36.744	10.451	-14.042
1610	70	70	70	10	34.782	5.7278	3.8788
1611	50	40	40	0	57.171	0.771	-1.8349
1612	100	0	0	10	48.942	-39.015	-50.935
1613	0	100	0	10	48.083	74.491	-9.2453
1614	0	0	100	10	85.376	-5.007	95.661
1615	0	100	100	10	43.747	68.037	48.121
1616	100	0	100	10	46.176	-72.241	29.471
1617	100	100	0	10	21.553	27.035	-53.428
END_DATA